29800 18
6000 22
4200 16
3400 12
5700 26
2900 11
4100 19
3500 13
5700 28
5500 25
4900 23
4400 23
3900 20
3200 13
3000 11
3500 16
4800 26
4100 18
3000 15
3300 17
4300 23
4900 26
3000 14
4500 25
4400 21
3500 18
3700 17
370700 18
15700 24
3100 5
3300 23
2600 15
3600 27
77600 23
4000 17
3700 20
2600 10
2700 18
2400 15
1900 10
3700 28
3000 22
2000 11
2400 19
2600 19
2900 18
3100 25
2700 18
3200 20
2600 19
3200 23
2100 14
2300 19
2300 15
2900 22
2100 12
2600 21
2000 13
2700 19
2600 15
2900 24
2400 19
2200 16
5500 14
2800 22
2200 16
2700 24
3300 24
2300 17
2900 21
3200 24
2500 19
3500 26
3000 24
2100 14
1900 14
2800 22
2900 15
2900 20
2400 17
2400 17
2700 20
2500 18
2800 23
2000 15
2500 22
2800 18
2800 24
2800 20
3300 25
2900 20
2200 15
2400 12
3100 24
2400 19
2900 23
3300 25
2200 18
2300 18
2800 20
2700 22
1900 14
1700 12
2900 27
2100 16
2600 19
3100 25
2200 20
2100 17
2400 16
3300 19
2800 18
1700 10
2200 17
1700 12
1700 13
2400 18
2200 17
2700 18
2200 13
2400 13
2000 13
2100 18
1900 14
2900 23
2500 13
3600 17
195000 13
7700 17
4100 17
3400 16
3200 20
2900 16
3200 16
4100 28
2500 16
2100 13
3200 22
2300 16
3100 22
3400 21
1900 11
3200 22
2600 23
2600 15
2300 10
2300 12
2900 11
2200 12
2600 14
2700 16
2300 19
2400 12
2200 14
2400 14
2000 12
2900 24
2100 11
3300 25
5300 29
2900 22
8500 22
2400 15
3000 22
2200 16
1700 14
2300 14
2400 19
1900 15
2800 22
2700 19
3100 20
2100 17
1800 18
2600 19
3200 24
2100 14
2700 14
7100 24
6300 26
2700 12
77500 14
3600 19
1900 13
3900 28
1700 12
2300 18
2500 19
2300 21
1700 18
1400 14
1800 14
2300 17
1700 17
2100 10
2000 19
1900 16
1800 16
2000 17
2800 21
2300 22
2000 20
2300 22
2200 16
1700 14
600 11
3400 30
1600 13
1300 11
2000 14
300 7
2600 24
1300 15
1600 16
2100 17
2400 23
2200 17
3200 28
1700 16
1800 16
2400 17
2600 28
2100 18
2900 25
2800 24
1600 14
1300 11
2200 21
2300 18
1200 8
2600 26
2700 20
2100 19
2200 17
2200 18
1900 18
2300 15
3000 24
2000 23
1700 15
1400 10
2600 24
1400 15
2400 28
1800 15
2200 18
1700 18
1600 12
2600 23
2400 19
2300 22
2300 15
2100 12
1600 13
2200 14
257400 19
3600 14
2200 9
2000 13
2000 11
1600 13
2100 19
2300 19
3200 25
3200 19
2700 19
2100 17
1600 14
2300 18
1800 15
3600 32
1800 13
3400 24
2300 16
2000 17
2100 15
2100 19
1200 8
2700 22
1600 13
2600 21
2600 21
2000 17
1900 17
1800 17
1700 15
2100 18
2400 15
3300 21
1900 16
2600 23
2500 19
2800 24
3400 22
2700 22
2500 13
2500 23
2100 15
2800 19
2000 17
3000 23
1300 10
2700 20
2500 20
2600 17
1900 18
1900 17
1900 15
1600 11
2100 16
3100 28
2500 22
1700 15
2000 13
2900 21
2500 22
2100 16
1800 14
2100 18
1400 11
2500 23
1800 16
2400 18
1900 18
2500 26
2000 19
1800 15
1900 17
1900 15
2000 22
2000 13
2900 27
2000 16
2900 22
2500 23
2500 22
2300 22
2100 14
1400 8
2300 24
2000 20
2200 20
1900 16
1700 14
2000 17
2800 25
1700 14
1400 11
2200 23
400 12
3200 27
1700 14
2700 25
1600 13
2200 18
2300 21
3200 25
1900 17
2600 26
2000 18
1800 18
2000 22
2000 19
2100 15
1400 11
2100 18
2600 20
2000 19
1600 11
2300 25
2100 15
1800 15
2600 22
1900 19
2300 20
2400 23
1900 18
1600 12
2500 24
2000 21
1900 18
2000 18
1900 20
30200 22
22200 17
1100 12
800 15
500 10
1400 13
1600 24
1800 24
1400 24
1600 18
1500 22
1200 18
1300 20
1500 21
1600 22
1700 23
1200 16
800 16
1500 20
1700 24
1400 22
1500 22
1000 15
1200 21
700 12
1300 17
1400 21
1500 23
1300 18
1500 22
1600 24
1000 17
900 10
1400 19
1300 21
1100 16
700 14
1200 15
1400 22
500 9
1000 17
1100 12
900 19
1400 20
1000 21
1800 22
600 17
900 18
800 17
900 15
800 16
1000 20
700 12
1300 17
1700 24
900 15
900 15
700 14
1100 17
1200 15
900 15
900 17
1000 18
900 16
1100 14
700 12
1100 20
1100 18
1700 29
2400 27
800 11
1000 15
1000 17
1200 22
1100 17
300 4
900 16
1000 16
1100 21
1100 18
1200 17
700 15
1000 18
900 12
800 12
1200 16
1300 19
900 13
600 19
1500 22
700 16
1200 19
1000 16
1300 24
800 17
1000 15
1300 26
1200 19
1100 17
2000 22
1500 26
1600 23
500 10
1400 17
700 18
1300 16
500 10
1000 20
1100 18
1100 18
1200 22
1600 22
1200 18
1700 19
1000 16
1500 24
800 17
1000 18
1600 22
700 14
1100 18
1000 11
1000 18
1000 17
1700 27
1300 22
1300 14
600 13
1100 16
1400 28
1500 21
1500 24
1400 23
1200 19
800 14
1600 19
700 16
700 16
1000 13
700 15
900 18
800 18
1100 20
600 13
700 14
900 12
1100 11
1300 22
1000 20
1600 24
1000 15
1000 18
1300 16
1400 18
1200 16
1200 19
1300 21
700 8
1100 18
1500 18
900 16
900 14
1100 16
1200 21
1000 16
1400 20
8100 21
1900 20
600 13
1200 18
900 17
1500 20
900 13
500 14
1100 14
1000 22
700 16
1200 19
1600 18
900 15
800 14
1500 16
600 10
1300 20
1000 18
800 13
1500 26
900 20
700 14
900 19
800 11
2900 13
700 15
400 9
1200 17
1500 23
1300 23
1000 18
1300 17
900 15
800 20
900 15
1000 16
1400 18
900 11
1100 16
1300 20
800 11
1300 23
1600 19
500 7
900 15
1300 24
1200 18
1700 19
500 8
600 16
1000 12
1300 17
1200 21
1500 22
1100 19
1000 19
700 11
1300 24
1100 20
600 15
1100 19
1100 18
1100 20
1400 25
1500 22
1000 15
1400 22
1100 19
1000 17
900 14
1000 15
1800 21
1200 20
1500 24
800 16
1400 25
900 16
1200 22
900 16
1100 12
1500 22
1300 22
1100 16
1400 21
1700 26
800 15
1000 19
1000 17
800 16
1000 17
1500 24
1000 17
1700 28
700 14
900 18
1000 14
400 9
600 10
800 15
900 17
1300 15
2100 19
1300 8
1200 24
700 15
2000 24
1000 16
1200 17
800 14
1200 17
700 14
1600 21
500 10
1200 20
1700 27
600 17
1100 19
1500 25
1700 24
1100 20
1100 19
1300 23
1900 30
1000 18
1300 18
800 17
900 15
1000 17
1000 17
700 13
1300 18
1200 22
500 10
800 14
1100 23
1000 14
800 21
900 22
600 14
900 17
1700 27
1000 20
800 19
1100 21
1000 18
600 15
1000 17
1600 26
900 14
900 17
500 10
1400 21
900 17
900 18
1400 28
800 18
1100 18
600 16
1000 22
1100 22
1200 19
1300 17
900 12
800 15
600 14
700 19
1800 28
1300 24
1100 17
1500 21
1300 20
900 14
900 16
1100 19
1600 27
700 11
1100 19
900 18
1600 24
800 16
500 14
1300 20
800 15
500 10
900 16
1700 22
1000 18
900 17
1000 18
1400 21
1000 17
1100 19
1400 24
1400 17
1200 21
900 13
1000 20
1100 19
700 14
900 19
900 17
800 20
1700 29
1300 25
700 14
1500 22
1000 15
700 15
700 16
1300 22
900 16
1000 15
800 16
1400 21
700 9
1000 15
1700 28
1000 17
1100 18
900 17
1400 17
800 16
700 16
1000 22
1000 17
900 20
1100 23
600 16
1400 25
600 13
800 13
800 18
1000 17
900 15
900 18
1200 20
900 15
1000 19
1000 20
500 19
1200 23
800 18
400 14
900 22
1300 21
1300 24
900 16
1100 20
800 12
1000 21
1000 18
1800 22
800 12
1300 21
1400 22
800 13
600 12
1100 20
1200 21
5900 22
900 19
1400 29
1000 22
900 16
1200 23
800 18
1200 25
1100 19
900 11
3900 28
1200 24
1000 17
800 15
2900 15
1600 18
900 19
700 16
600 10
3700 12
1500 26
800 16
700 15
1000 22
3600 28
800 14
1300 21
2900 19
900 18
1100 23
600 15
1400 22
800 13
1000 21
900 19
2400 19
1000 17
1000 18
2100 16
1200 17
900 13
1100 17
600 11
1100 16
1900 16
900 18
1000 20
1200 20
900 12
1200 22
1500 21
1200 18
900 18
700 12
700 13
1400 21
1000 22
800 17
900 16
1000 19
1300 25
1300 22
1100 23
1200 27
900 15
1300 17
800 18
800 17
1400 26
1000 15
1300 25
400 8
900 17
1200 17
800 17
800 16
1500 22
900 17
1000 19
800 14
1400 21
1500 24
500 17
1700 28
1300 23
1000 19
700 12
1000 25
900 18
1400 26
900 20
1100 23
700 16
1100 18
1000 19
1000 11
1000 18
1100 20
800 21
600 15
1500 24
1600 26
900 20
500 12
800 17
1100 21
800 12
1100 17
600 13
1000 22
600 13
1500 19
1100 22
1200 21
700 15
1600 27
600 12
1000 18
900 20
1200 18
1100 21
800 16
1200 21
900 21
1100 22
1000 18
1100 17
900 19
900 16
1100 20
1100 19
1600 24
600 12
1100 15
1200 19
1300 19
800 20
1000 18
1100 21
700 11
1200 21
800 15
1100 15
800 14
900 18
1200 17
700 15
1300 26
700 11
900 14
700 15
1400 24
900 17
800 16
800 23
900 15
600 11
3000 16
1100 17
1400 21
1000 19
1000 22
1100 17
600 13
500 12
700 14
1000 22
1000 20
1000 23
1200 24
2000 23
1500 24
2200 21
1100 22
1200 18
1700 27
1200 19
1000 15
1300 24
1000 16
700 12
1000 20
700 17
1500 25
1000 14
500 16
2100 23
700 11
1200 22
1400 24
1000 15
