695600 0
12300 1
2000 1
5300 3
3100 3
1900 2
15900 6
2900 3
5400 6
2500 3
4500 5
2900 3
7400 3
1200 1
2100 2
16700 7
4300 5
3000 3
6400 8
3400 4
3800 4
2800 3
5700 7
5600 5
10300 11
5600 6
2500 3
5700 6
7900 9
2900 3
4200 5
9200 11
6500 7
3700 4
9300 11
4600 5
5200 5
4700 5
16700 10
8100 9
6400 5
7900 9
2100 2
7800 9
5200 6
5900 7
10000 10
3300 4
1200 1
8300 7
16200 11
6000 7
4200 5
5800 7
6000 7
8100 9
9500 11
5900 6
5300 6
7000 7
7500 7
8400 7
5900 6
9100 10
9100 9
5600 6
8200 8
7600 7
7900 7
4500 4
11400 11
7200 7
9500 11
7500 8
6900 7
6100 7
7400 8
6500 8
6300 7
5800 7
12500 11
17300 6
6600 8
5200 6
13500 9
6400 8
8800 11
17900 12
6300 7
9000 10
6000 7
9200 12
5400 6
8000 10
6800 8
6000 7
9500 11
4600 6
5200 7
5100 7
9100 13
5200 7
6000 8
6600 9
5500 7
6200 9
8100 11
6900 9
3300 4
4900 7
4400 6
4100 5
3900 5
4500 6
15500 12
10500 11
5900 7
6300 8
6800 10
16900 10
5300 7
5300 10
5100 11
6200 11
1205500 8
7400 6
3800 7
12600 8
7300 9
6400 10
4000 8
4900 12
3400 8
4100 10
2900 7
3500 9
3500 8
2900 7
3600 9
4000 10
5600 16
9400 15
3600 9
2000 3
4900 13
2600 6
2200 5
4000 10
2100 5
4900 13
1700 4
4700 13
2900 7
3100 8
3600 9
4100 12
4100 11
3500 9
4200 8
4700 13
3400 9
2400 6
4800 14
4200 10
4400 11
4400 13
2500 6
2700 7
3300 8
2600 6
3500 9
4500 12
4700 13
3200 8
4700 13
5200 15
3200 8
5300 14
3400 10
3800 10
2900 8
3700 10
3300 9
5000 14
3300 8
3400 9
4100 11
2500 6
3100 8
3800 10
3000 7
2100 5
3100 7
4700 12
3300 8
2500 6
5400 15
5200 16
4000 11
4600 11
3100 8
7100 9
4600 8
6600 16
5700 14
3400 8
2900 7
3100 7
3100 8
2200 5
3500 9
4300 11
6500 17
3600 9
2500 6
4200 11
3900 10
4300 11
4900 13
8300 13
4200 11
6400 17
3400 9
6700 18
3700 10
2900 7
6400 18
3200 8
2000 4
3600 9
3100 8
3100 8
3400 9
7500 15
3600 9
2400 5
3800 9
2500 6
2100 5
5500 16
5500 15
3800 10
2200 5
5000 14
3000 7
4800 12
4900 10
2000 5
2400 6
4500 12
3400 9
5200 13
4300 11
4400 11
2800 7
6200 12
7400 17
5000 13
3700 9
3800 9
4700 10
3400 7
5000 13
4200 10
3100 7
4500 11
5100 12
3900 9
4500 12
5500 13
5300 13
4700 12
5200 14
3700 9
3000 8
4100 10
2200 5
3100 8
5400 14
2700 6
3200 7
5500 14
4600 13
2700 7
5700 15
3100 7
6000 15
3500 9
2900 7
4900 13
4900 11
3900 11
3800 10
2800 7
4500 12
4900 14
2600 6
5700 15
4000 11
6100 14
5800 16
2400 6
3900 11
3100 8
3900 10
13500 11
36700 6
3100 7
3600 10
4000 12
5600 15
4800 13
6300 18
3000 7
4200 11
4200 10
4600 11
5200 12
4500 10
3300 7
6100 14
5500 14
4200 10
4000 9
5200 12
3900 9
3200 9
3600 9
6800 16
3900 9
6000 11
4400 11
3100 7
5700 13
4700 10
6700 16
4900 12
4000 10
4700 12
3400 9
4900 12
2400 6
3900 11
6400 9
3800 10
4200 10
5100 14
4900 9
7800 21
3100 8
3500 9
4500 11
3800 9
5400 14
5300 13
4200 11
6000 15
3400 8
4600 12
4000 11
3800 10
5000 13
4200 11
3800 9
3600 9
4100 10
5300 14
7100 11
3200 8
6700 17
3000 7
5200 12
2800 7
6200 15
5300 13
4000 10
5400 14
6000 16
3100 8
4000 10
4500 12
5300 14
3100 8
10200 10
5000 13
4600 13
4800 13
5200 16
4200 11
6100 17
3700 10
2400 6
4900 13
4100 11
5900 16
4200 11
3200 8
4000 11
3200 9
4700 13
3000 8
3400 9
4300 9
6100 16
5300 13
3500 9
3700 9
4300 11
7300 10
6300 17
6400 8
7100 17
45200 22
7000 12
4900 9
6500 9
5700 13
7000 16
4100 9
4000 9
5200 12
6200 11
5600 13
4900 11
5800 13
5800 12
5000 13
4200 10
4300 9
4100 8
6600 14
3300 7
4700 10
4100 8
7000 16
4600 9
4900 11
3000 6
6700 16
4200 9
6600 14
5000 11
5100 11
5200 13
4800 11
3000 8
5800 15
2000 5
4200 11
4800 12
4300 11
5200 12
4200 9
6800 15
14400 9
3600 9
3200 9
5200 13
2900 8
4700 13
1700 5
4300 11
4000 13
3900 12
5900 17
4900 15
3900 12
5200 17
3600 13
3700 13
2900 9
4400 13
3800 11
4900 15
2900 9
5400 12
2400 10
3900 14
2800 11
3000 10
4100 12
5400 16
2400 7
5400 15
4800 14
7700 18
5800 17
2300 7
4200 12
4100 12
2900 9
1800 6
1700 6
3600 11
3100 10
3100 10
5900 18
3600 12
4100 13
2500 8
2800 9
7100 24
2500 9
4300 14
4000 9
3200 12
1500 5
3200 10
4000 13
4600 15
4100 12
4000 12
3900 12
4100 14
4700 16
2200 7
4400 13
3500 10
6100 16
6000 16
3600 10
4200 13
4200 11
5500 15
2800 8
2700 7
4700 17
4000 13
3600 11
6100 19
3900 13
4800 14
2000 7
3400 10
3600 11
4100 14
5200 15
3600 13
1800 6
4300 13
3400 9
3700 12
2300 8
3100 12
5900 20
3900 11
3000 9
4400 14
5400 17
3600 12
1800 6
4800 15
4200 14
3000 9
3700 14
3900 14
3000 9
3800 12
3500 12
4600 14
3700 11
5400 15
3300 11
5400 16
2400 7
3300 10
3700 12
4800 15
5100 17
4000 11
4400 13
5100 16
3800 13
4400 14
3500 11
7600 17
27700 12
7500 14
5200 13
5600 17
1400 12
1600 15
1000 11
1000 11
1200 11
1200 11
1100 11
700 7
1300 13
1300 15
800 9
1500 15
1200 12
1800 15
1800 16
1000 11
1400 16
1000 12
700 8
900 9
800 9
1100 11
600 6
3000 11
1900 17
1100 13
1100 13
500 7
1700 16
1200 14
1600 23
1400 16
1200 14
1000 13
1100 10
1100 14
600 7
900 9
1000 11
1200 14
1200 16
1500 16
1000 11
900 12
800 10
1000 11
1500 15
1600 17
1100 10
1200 14
1400 14
1400 14
1600 16
800 7
1300 11
9900 13
1100 14
1200 19
1000 14
2100 13
1500 13
1300 17
1000 12
400 5
1100 13
1000 13
800 9
1000 14
1000 15
500 7
1500 14
1700 17
1200 17
1700 12
500 5
1200 15
1100 13
700 8
900 11
700 9
1000 15
1200 14
1300 18
800 11
2400 19
600 9
900 12
700 10
500 6
1000 14
800 11
700 9
900 13
500 6
900 14
1100 14
1000 12
1300 18
700 8
800 12
1400 17
600 8
1500 19
1400 19
800 12
800 11
1200 14
500 6
900 13
600 7
1000 13
700 10
700 8
1200 15
600 7
1000 12
1100 14
1100 18
1000 14
1000 15
800 10
800 10
1100 15
1600 20
1100 15
800 12
900 10
900 11
1300 18
1000 10
1700 21
900 12
600 8
1100 16
300 3
1300 16
1900 21
800 11
1200 15
1200 15
900 12
900 9
1400 17
1400 17
1000 14
1100 11
1200 17
1100 17
1300 11
800 9
1000 13
2600 9
1000 13
800 11
800 9
500 6
1000 13
1700 19
800 9
700 11
1000 17
600 8
1400 17
1000 12
1000 15
800 11
1100 15
1100 14
900 14
1400 18
700 11
500 6
800 11
900 14
1100 14
900 14
800 13
1300 15
1000 14
600 7
500 6
900 14
900 13
400 6
600 10
500 7
900 12
1000 15
1600 18
500 8
1100 15
1000 13
1300 15
1000 14
1100 16
1000 15
900 12
700 9
500 7
1400 19
1300 17
1000 15
1000 13
800 9
1500 20
900 13
1600 14
900 14
1100 14
1100 15
1600 22
900 13
1000 13
700 13
900 15
900 12
1700 17
1200 16
1400 19
800 10
900 14
900 14
800 11
900 14
2000 23
700 9
900 14
1300 18
600 6
800 9
1100 13
1200 17
800 9
800 12
1000 17
900 11
1600 13
1600 20
800 12
1100 15
1300 11
900 13
900 13
1300 20
700 9
1100 16
800 12
900 13
500 8
800 14
1100 15
1100 12
1300 19
700 9
1200 11
900 13
700 9
1000 15
700 11
1000 13
800 13
1100 16
800 10
700 11
1300 16
700 9
900 14
1600 22
1100 15
800 10
1200 17
1200 19
1200 13
800 12
900 12
1300 18
800 12
700 10
800 11
2600 12
1700 23
1100 15
1600 22
1400 21
1000 14
800 13
700 9
1300 17
700 11
1200 16
600 9
900 11
1300 16
1000 13
1200 17
1200 16
500 6
800 13
600 9
1100 15
600 9
1300 19
1100 13
1000 13
1100 16
1200 11
1100 15
1400 20
800 9
600 9
900 12
1500 22
600 9
900 12
1000 12
1200 17
1200 15
1100 14
800 11
700 12
1100 15
1100 16
1100 16
500 7
1200 16
500 5
800 12
1400 19
1000 13
1100 16
700 11
1200 13
1000 15
800 10
800 10
900 13
1100 16
800 13
1000 13
1100 16
800 12
800 10
800 12
1100 13
1000 15
1500 18
1200 16
1000 15
700 9
1200 16
1400 19
800 10
1000 15
900 13
600 9
1300 16
1100 14
1000 13
1100 14
1100 16
900 12
900 13
1600 19
800 10
700 10
800 12
1200 12
700 7
1000 13
700 9
1500 13
800 11
1200 16
1100 16
1000 15
800 10
800 11
800 10
1100 15
1800 24
1000 14
1000 15
1400 18
1700 13
1500 12
1300 13
900 10
1200 15
1100 15
10600 13
1900 11
1100 11
1100 13
1100 11
900 12
400 5
1000 15
700 8
1400 13
1100 13
500 6
500 6
900 15
1200 17
1300 18
1100 12
700 11
1700 18
1200 15
1500 15
1000 10
1300 15
1000 14
800 11
900 13
600 7
1000 14
1000 11
1000 12
1200 14
800 11
1000 14
800 10
800 10
600 8
1300 16
2100 25
1100 14
1600 15
800 12
900 12
1500 18
1000 14
1400 15
500 8
1100 13
1500 18
900 11
800 11
600 8
1000 15
1100 15
1000 10
600 7
900 8
1400 17
1700 22
1100 10
900 12
1200 14
900 12
800 11
1100 17
1200 16
1200 16
1300 18
800 12
1100 12
2500 10
800 10
900 13
1200 15
1300 17
900 11
700 10
2200 14
1100 13
1200 17
1300 15
1100 15
1100 12
1700 22
1400 20
800 11
1300 16
900 13
1100 15
700 9
900 13
1000 14
600 7
800 12
1300 16
1200 16
1900 18
500 7
1400 17
1100 15
1000 14
500 7
1400 16
1200 17
1400 17
800 11
1400 16
1400 19
900 12
900 9
900 11
1000 14
1100 16
600 9
1200 18
1200 19
1200 17
1200 12
1400 16
1100 14
1100 11
1200 15
1300 11
600 8
1100 15
1400 17
1100 14
700 9
500 7
1000 13
1000 13
800 11
1400 18
1700 21
800 11
900 12
700 12
2000 25
1400 13
900 13
700 9
1100 17
1000 12
600 10
800 10
900 14
800 12
1600 23
1200 17
1600 22
600 9
1200 16
1500 13
1500 16
1000 15
1100 12
6700 19
1300 18
700 10
1000 11
1200 15
1000 13
900 13
1500 18
1500 18
900 10
700 10
800 11
1100 14
600 5
800 10
1400 18
700 8
1700 16
1000 13
1800 22
1400 16
1500 18
1000 13
600 9
2000 25
600 7
1700 19
1400 17
1300 18
1300 16
1000 15
1100 15
1300 11
1400 16
900 10
500 5
1100 12
1300 17
1700 19
900 11
1200 15
900 13
2800 13
1400 16
1000 11
1100 14
1100 14
1000 14
1200 16
1100 13
1500 18
700 8
1200 14
1200 15
1400 19
800 11
1400 19
900 11
1300 15
1100 13
1200 15
1400 18
800 10
1300 14
1100 12
1300 14
1300 15
1400 16
1500 17
900 12
1500 21
1400 18
1400 16
900 11
1300 17
800 9
1100 14
800 11
800 10
1600 19
1400 16
1400 20
1300 15
1000 14
1000 11
1200 15
1500 17
1100 13
1100 13
1100 16
1000 13
400 5
1100 14
1300 17
1100 13
1400 18
900 11
900 9
900 12
1500 17
1600 17
1300 16
1400 17
1000 14
1000 12
1100 14
1500 19
900 12
900 10
1200 14
1200 15
1000 11
1500 21
1700 18
1100 12
1600 20
900 11
1100 13
1000 12
900 11
2000 23
900 11
1000 14
1300 15
1400 17
900 12
800 10
700 8
1000 11
900 12
1300 17
600 6
1200 14
700 9
1400 18
900 12
900 11
1300 13
1200 14
1100 13
1000 11
1000 11
2000 17
1700 20
1000 12
1200 13
1000 13
1500 11
1400 18
1600 20
1500 19
1000 12
1000 12
1200 16
1400 18
900 12
900 11
700 9
900 10
1200 15
1200 14
1300 14
1500 19
1200 14
1000 12
700 8
1300 17
1200 13
800 9
1300 16
3100 17
900 11
1300 16
1000 11
1800 20
1300 15
1200 14
800 8
1600 19
1400 16
1400 18
2000 25
1400 15
1100 14
1100 13
1800 20
1100 13
1300 17
1300 14
900 10
900 12
900 10
1400 18
1500 18
900 12
1100 12
1200 16
1700 21
900 11
900 11
1600 21
1200 15
1400 18
700 9
1000 12
1500 16
1100 14
1300 16
800 9
1300 16
1400 20
1000 13
1100 13
1400 19
900 11
1700 19
1500 19
900 11
1100 13
1400 18
1000 12
800 9
2100 24
800 10
900 11
1700 22
1700 17
1200 13
900 12
1000 11
39000 13
1600 15
1000 10
900 12
900 11
1300 17
1100 12
800 11
1100 11
1400 16
900 11
1000 11
1700 19
1400 16
1200 14
1200 13
1000 13
1000 11
1100 13
600 8
2200 24
1500 16
1200 14
1200 14
900 11
1300 18
1200 16
900 14
900 14
1200 16
1400 17
900 10
1000 13
800 11
1100 15
900 11
1300 17
1500 15
1600 18
1000 12
1100 14
2800 23
1500 15
1200 15
1600 17
1400 17
1100 14
800 10
1000 11
1500 17
800 9
2700 14
1000 11
900 10
1800 19
1400 14
1700 19
400 6
1200 12
900 11
1700 22
1500 18
1200 15
1500 12
900 11
1400 17
1300 16
1400 16
5200 17
900 10
1700 19
1900 12
1000 12
1300 14
1300 13
1400 16
1600 16
1300 14
1100 13
1200 13
700 7
900 11
2500 18
1200 14
2300 23
1800 20
1600 17
1300 14
1000 12
1500 17
1100 14
1100 13
1400 15
600 6
1100 11
1500 18
1500 15
1400 15
1200 15
700 9
1500 18
1600 18
1400 16
1400 16
1300 15
1800 24
1300 14
1000 12
900 11
1300 15
1400 16
1500 16
700 8
800 9
1200 15
1300 14
1600 17
700 8
1500 18
1300 15
1400 19
1000 12
500 6
900 11
800 10
1100 15
1400 15
1300 14
1100 13
1200 16
1200 15
1400 14
700 7
1400 18
2100 24
1700 19
1500 15
1000 12
1100 13
1000 11
1300 17
1700 19
1000 11
900 12
1100 13
1600 14
1200 16
1700 20
1500 17
1100 12
1100 13
1000 12
900 13
1400 16
1000 12
1800 21
1200 12
1600 19
800 11
1100 13
1800 21
1100 12
900 10
700 8
1100 12
1000 12
1300 16
1300 15
1000 13
2100 23
1700 19
1700 19
1300 17
700 7
1200 15
1800 21
1400 16
1400 18
1300 17
1100 14
1100 13
1400 15
1600 17
1400 14
1900 22
1400 15
1500 17
1300 14
1600 19
1500 12
900 10
1200 14
1000 10
2000 24
1000 11
900 11
3100 15
1200 14
2100 24
1700 19
1000 12
1700 20
900 9
1400 14
1300 15
1300 14
1400 9
1400 14
1200 12
1800 19
1100 13
800 10
1200 14
2200 23
1000 13
1100 13
1000 14
900 10
1000 13
1300 16
1500 16
1000 13
1600 18
1300 10
800 9
1000 11
900 10
1800 21
1200 14
1300 15
1300 14
2100 8
33800 13
1400 16
9100 28
5000 19
800 12
1200 15
1800 19
800 10
600 8
1100 15
1500 19
1200 14
800 10
1000 13
800 10
1400 19
600 6
1100 15
1000 15
700 10
1200 18
1100 16
900 13
1200 15
1200 17
1400 17
700 11
1400 19
1400 20
500 5
900 13
1200 16
1100 17
900 14
6600 15
900 11
800 11
1300 14
1100 14
1100 18
1200 16
900 12
1100 14
1300 17
600 6
1400 15
800 11
900 14
1500 18
1000 18
1600 19
1000 15
700 12
1400 17
1100 17
700 10
1000 17
1200 15
1500 16
600 8
800 12
700 11
900 11
1300 20
1200 16
1100 13
900 14
1100 16
700 8
1500 22
1100 16
800 14
1000 14
700 10
1300 20
1300 13
1200 19
900 12
1000 13
1300 16
1200 17
900 12
700 12
1100 17
500 6
1300 17
900 10
1200 18
1400 20
1200 13
1200 18
1200 18
2600 14
1000 16
800 13
1700 22
700 11
800 12
800 12
1000 13
1000 14
900 13
900 14
1000 13
1000 15
1000 14
1100 14
1500 20
900 11
400 6
1900 23
900 16
800 13
1100 17
15000 22
16900 18
900 12
4600 11
4400 15
800 13
900 14
800 13
1000 17
1400 21
600 11
1200 18
1200 20
1200 22
900 19
700 12
800 14
900 15
900 13
900 17
900 16
1100 16
600 10
800 16
800 13
1000 17
1100 18
900 15
1000 16
1100 16
500 8
800 12
500 9
900 15
600 10
900 16
700 12
900 17
900 17
500 7
400 8
800 11
800 10
1200 21
1200 14
500 10
900 13
800 16
900 15
800 15
500 9
800 14
1200 25
1100 22
900 14
800 14
600 9
700 10
1200 21
800 15
800 15
900 15
1200 17
800 12
900 16
800 16
800 15
1000 14
700 14
600 13
600 11
700 13
300 5
1000 20
500 11
600 12
600 9
1100 16
6300 19
600 11
1000 19
800 15
1000 17
800 15
800 14
700 14
500 8
600 11
700 13
1000 16
1000 19
800 16
600 12
900 13
1100 21
1000 23
400 11
600 16
600 14
800 12
800 15
1000 20
900 14
300 7
1300 16
1000 19
2500 14
800 15
600 11
800 12
600 11
800 16
800 17
700 13
800 15
900 14
700 12
800 17
900 16
800 12
1000 19
900 17
900 16
800 15
900 17
1300 21
900 15
500 10
800 12
800 17
500 10
800 14
800 14
1100 19
800 15
900 17
800 17
500 9
900 15
600 11
700 12
800 17
700 15
600 13
800 17
700 13
1200 17
1000 20
700 14
500 9
1000 20
500 9
800 16
900 15
1200 19
700 15
600 12
700 13
1000 21
800 11
1000 19
600 12
1100 20
500 10
900 17
500 8
700 13
500 7
800 16
1000 17
900 20
800 14
800 18
800 17
800 14
1300 21
700 12
900 15
1000 20
700 15
700 13
1000 20
900 14
1200 20
1000 17
700 15
700 13
800 14
700 13
1000 16
1000 17
600 11
900 17
1400 24
1100 20
700 12
900 15
800 18
900 15
900 16
1300 23
900 16
700 13
800 13
900 15
900 16
1300 18
700 10
900 17
900 14
600 10
1000 18
500 9
700 13
1000 21
700 15
700 11
700 14
800 16
700 14
800 14
1100 19
2200 9
1000 11
900 11
1000 15
1400 17
1100 15
1900 21
1100 18
1100 14
900 12
1100 17
1000 16
900 18
900 14
900 13
1500 20
1000 15
1100 15
1300 20
600 10
900 12
1700 27
900 13
1000 16
900 18
500 9
800 15
1600 22
900 14
300 6
600 12
700 13
600 11
400 6
900 16
900 18
1100 15
800 15
1700 18
400 7
1100 17
800 13
700 11
1700 25
800 13
1300 20
800 14
600 10
800 9
900 15
1000 17
1200 14
700 9
1100 21
900 16
1100 15
1400 22
700 13
800 13
700 12
800 12
1100 19
500 8
800 13
900 16
900 16
1100 17
1000 16
900 15
1200 17
700 12
900 16
1100 16
800 12
800 13
1000 15
500 8
500 9
1200 20
1000 16
1200 21
1100 17
500 9
1000 18
700 12
700 14
1000 18
600 9
1000 19
1300 17
300 5
900 16
1000 15
1100 18
1300 20
600 12
1500 21
1600 24
800 14
1300 18
1500 24
600 12
1000 18
500 11
700 13
800 9
500 9
1300 19
500 9
800 12
900 16
700 12
700 13
700 13
5000 9
600 12
1100 19
500 11
1200 21
700 11
1000 17
1100 17
500 8
700 14
1200 19
1100 18
900 18
900 17
1100 18
700 13
1000 17
1000 16
900 14
700 12
500 8
700 12
1100 21
900 15
700 13
900 17
800 13
900 11
1200 20
700 13
1100 14
900 12
800 16
900 15
1300 17
1500 25
1300 20
1100 17
800 13
1000 19
500 8
600 12
1000 16
700 12
900 17
600 10
1000 20
1100 16
900 17
900 15
700 12
700 13
800 12
700 14
1100 15
800 14
1600 25
1400 25
1100 15
500 11
1000 17
800 15
700 15
14000 22
700 11
900 16
1000 15
1000 17
41100 15
700 10
1400 15
800 15
700 13
700 13
1000 19
900 14
1400 18
900 10
700 13
800 16
600 13
800 16
1100 18
500 10
700 13
800 15
1100 17
400 7
500 10
1200 21
600 14
1100 17
700 15
500 10
900 16
600 15
600 12
1100 17
700 17
1300 18
900 13
600 14
1000 18
700 12
700 11
900 15
1800 22
1200 18
1200 18
500 9
700 14
1000 16
1000 18
600 11
600 11
1100 19
1000 16
600 14
700 14
700 14
700 12
1300 22
800 16
1400 21
1000 19
700 15
1000 15
1300 22
4200 10
800 16
800 16
500 12
800 11
1100 17
1200 20
900 17
4100 19
900 14
700 14
900 12
900 15
1200 19
800 13
1200 19
700 14
900 13
800 12
700 11
800 13
800 16
600 9
1300 20
700 12
700 12
600 7
800 16
800 16
400 8
700 13
900 18
1000 18
800 15
700 10
800 14
500 10
1700 23
1100 18
900 16
800 13
1100 18
1000 16
900 12
700 13
800 14
400 5
800 14
600 11
400 6
1100 17
700 12
700 12
1100 18
1100 16
800 13
900 12
500 8
600 12
800 14
1000 20
600 12
900 14
1000 15
1000 20
1100 17
1000 16
800 15
1300 17
800 12
1200 21
800 15
1000 16
1100 15
1100 21
900 14
700 12
800 15
500 9
900 17
1100 18
1000 17
600 10
500 11
1200 21
1100 21
1100 17
1200 18
700 12
1000 18
1300 22
800 13
900 14
600 9
1400 24
1000 12
500 11
1400 18
1200 18
500 10
1200 20
800 16
900 15
1200 17
800 9
800 13
1300 18
900 13
1200 20
900 18
1100 14
900 11
1000 18
1000 17
800 14
800 18
1200 22
1000 14
1100 17
1000 21
1200 12
900 16
800 15
700 12
1000 16
900 15
800 12
600 11
1000 11
800 14
1200 19
600 12
800 13
1000 13
900 17
1300 22
600 11
900 15
700 14
800 18
1200 15
1000 16
700 12
1000 17
800 16
1200 21
800 14
4300 14
1200 19
1000 15
600 10
1300 22
1200 18
500 9
600 11
1000 19
800 15
1200 18
500 11
600 11
1500 23
700 16
1100 17
700 16
800 12
1200 19
1000 16
1200 18
1600 21
700 13
900 17
1300 21
1300 24
700 13
1100 15
900 16
1000 18
700 12
800 17
800 14
1300 16
600 10
600 12
1400 22
1100 23
900 15
400 7
1100 19
600 13
800 16
1400 18
700 13
600 12
1100 19
1000 17
1200 21
700 13
1200 18
700 12
700 11
600 12
900 13
900 14
900 16
1400 25
800 15
1000 15
1100 17
1000 19
800 17
900 18
800 14
700 13
500 10
500 9
600 9
1500 25
800 14
1200 18
900 16
500 9
800 16
900 19
600 10
600 12
800 17
700 14
900 17
1000 16
400 7
600 11
1000 17
500 10
800 15
1300 17
600 10
800 14
1500 25
800 15
900 17
800 14
800 19
900 17
600 12
700 10
800 15
900 12
800 16
900 16
1400 18
600 9
1200 22
1200 23
800 13
1100 20
1500 21
800 14
900 16
600 10
1200 26
700 14
800 16
700 13
700 12
700 13
500 9
1000 19
1000 16
600 9
1000 17
900 17
1000 19
400 9
700 13
1500 25
2300 12
1100 18
1000 20
700 12
700 11
1000 18
500 10
1400 23
900 21
800 16
1400 13
800 15
800 16
700 12
800 13
800 14
800 16
800 14
1100 22
900 15
700 14
8600 17
1100 22
1400 25
600 12
600 11
800 14
500 11
1000 19
900 14
900 16
900 16
1500 27
700 13
500 12
1100 18
800 11
1000 15
700 11
600 9
700 13
900 17
1100 16
800 13
1100 16
600 11
1000 18
700 12
1300 19
1000 13
1400 16
900 15
900 17
500 11
700 15
1100 18
900 15
1300 21
600 12
900 16
1100 20
500 11
1100 20
700 11
1100 16
900 18
1100 19
700 14
700 14
900 15
900 18
1000 18
700 13
700 10
900 16
600 11
800 14
900 17
1000 14
800 14
900 18
1000 14
600 12
1100 18
800 13
800 14
1000 18
700 13
800 16
400 10
600 11
800 14
1000 20
900 13
800 14
1000 17
500 11
600 10
1300 24
1000 16
1000 18
600 11
700 16
900 17
700 14
800 12
700 14
700 10
800 16
500 10
1400 20
1300 17
1200 21
600 8
700 15
1300 24
900 15
1500 22
800 14
1300 23
700 14
800 14
600 10
700 14
500 10
700 16
700 12
800 12
2900 21
1000 17
900 17
900 16
1400 22
600 13
800 13
800 15
500 12
1300 21
900 13
1300 24
1200 23
1000 17
600 11
1100 23
1000 15
1600 29
1000 19
1100 17
400 9
800 18
800 13
1200 18
700 13
900 18
1000 16
700 13
1200 15
1100 21
1100 18
1000 17
1200 21
600 9
1000 16
1200 20
1100 16
1000 15
1000 18
700 13
1100 16
700 15
800 14
1000 17
600 9
900 11
1100 18
1600 24
900 17
800 16
1100 21
800 12
900 20
600 13
700 15
700 13
700 12
1300 21
700 13
1400 24
600 13
900 15
700 15
800 14
900 20
800 15
1200 23
800 13
700 15
800 13
800 16
1200 23
2700 19
800 17
400 9
700 13
1000 19
1200 19
1000 17
700 13
800 15
1200 21
900 18
500 9
1300 17
1100 22
400 7
1000 21
900 18
1000 20
900 17
600 11
900 17
800 15
1500 19
900 12
600 13
600 13
900 17
1300 19
800 15
900 14
1300 21
900 13
600 15
500 11
1100 17
800 15
1200 19
600 12
800 13
700 14
800 16
800 15
1100 16
1000 19
1300 24
600 12
800 12
900 17
1000 19
1100 21
1200 22
1300 23
1200 18
1000 14
700 13
1000 19
2600 15
800 13
900 14
1200 21
1200 21
1500 14
1000 18
400 8
1800 16
900 18
1000 17
700 12
800 17
300 6
800 20
600 14
800 14
1000 18
700 11
800 17
700 14
900 19
1000 18
700 9
800 16
700 13
500 7
700 14
800 16
500 10
900 16
800 17
800 17
1000 18
1200 11
800 18
700 13
900 15
700 13
1500 20
700 15
800 15
600 12
900 13
600 15
600 12
1100 18
700 11
39000 19
800 10
1200 18
500 8
1500 25
1100 16
1000 17
1000 19
1200 16
900 16
700 13
800 11
1500 22
1400 22
900 17
900 17
900 17
800 13
900 17
700 15
1100 18
1100 14
1100 18
1400 21
600 14
1000 18
1200 15
900 14
1200 21
900 15
1000 20
1000 16
1000 19
1000 18
1000 18
1200 21
800 14
600 11
900 16
1100 14
800 11
1100 20
600 11
700 11
600 10
1100 17
600 11
1000 16
1100 23
1400 19
600 11
800 16
1200 19
1200 20
1000 12
500 10
2700 18
700 10
900 12
1100 17
1000 19
700 14
800 16
800 18
1200 23
1000 14
800 13
600 8
1100 20
1000 18
1000 20
1200 19
700 14
700 12
700 15
800 17
1200 17
1500 25
900 18
1000 19
2000 8
900 18
1000 17
800 15
600 11
1400 21
800 16
800 14
600 10
1100 21
900 15
500 9
1100 18
800 16
700 11
800 16
600 11
800 18
800 15
800 12
500 9
1300 21
800 13
1000 15
800 18
1000 18
900 18
1300 22
800 14
800 14
600 11
700 14
700 13
500 10
1000 16
600 12
900 18
1000 13
1000 20
1300 22
1000 14
600 14
800 16
1400 23
900 19
700 14
1100 17
800 15
600 11
1200 20
1200 19
700 12
1200 22
800 18
1000 18
1200 22
1100 18
800 14
600 11
800 16
700 15
1100 18
1200 22
1400 20
600 10
1200 17
1100 22
500 9
800 14
800 15
500 12
800 14
900 17
1200 16
800 18
1000 20
700 11
700 12
700 15
1000 16
500 9
1300 22
3500 17
800 8
1200 12
1900 23
1500 21
800 10
1300 14
800 12
1300 18
1600 19
1200 16
1300 19
700 12
1000 13
1100 15
1300 18
1200 15
800 14
1000 14
1100 18
900 13
700 10
1300 17
800 13
1400 20
4000 23
1100 15
1800 23
800 13
700 12
1000 19
1000 16
1000 16
900 14
1000 18
700 13
900 14
600 11
1200 21
900 17
700 14
1700 17
1200 15
600 14
1100 19
800 13
900 17
900 14
1100 15
400 10
1100 17
1600 22
1100 15
1100 16
1400 22
1000 14
1300 18
700 15
1200 18
1400 19
800 15
600 12
600 11
700 14
800 16
800 14
700 15
1200 18
1100 18
600 12
1000 16
1300 21
1500 18
1000 10
1400 25
1000 12
700 10
1200 19
1100 15
1200 19
900 14
900 15
1400 22
1400 19
1000 15
800 14
1000 18
900 14
1300 16
1600 23
1000 15
800 14
1600 22
1000 18
1200 17
900 15
600 12
2000 6
1600 24
900 18
2100 28
1100 20
1100 15
700 13
1200 17
800 11
800 15
700 13
800 12
600 12
500 9
1000 16
1300 17
500 9
1500 22
1100 17
1700 23
600 12
600 12
1000 19
1000 15
700 12
900 15
1400 19
1500 20
700 16
900 15
900 12
900 16
900 13
900 16
1200 18
800 15
1200 16
900 17
600 12
900 14
800 17
900 16
400 8
900 13
900 12
1100 16
1100 16
800 17
1200 17
1000 17
1100 17
1300 17
900 13
1100 18
600 12
600 14
1500 23
800 14
900 17
1000 19
800 13
1300 21
400 8
1300 19
1000 14
1000 19
1400 23
900 15
900 14
1200 19
900 16
1000 18
700 11
900 16
600 11
600 11
1300 20
1400 19
1000 17
800 14
500 12
900 14
1100 19
1200 19
1300 21
1400 17
1200 20
900 15
1300 19
1200 22
600 10
800 16
600 13
600 10
800 15
1200 22
1000 15
600 9
900 17
900 18
500 9
900 17
500 10
900 16
1000 21
1700 22
1000 18
800 16
800 16
600 11
600 11
900 17
600 10
1600 28
1100 17
900 13
1000 16
800 17
1200 18
1100 15
1100 17
700 15
1000 15
1500 24
1000 17
900 15
900 15
1200 19
2500 13
900 17
1900 21
1000 15
700 14
900 15
1400 22
600 13
600 12
1100 15
800 15
1300 22
1200 14
700 12
900 16
600 11
500 9
500 10
1100 17
800 13
1300 23
1200 23
1200 19
500 10
700 12
700 11
1200 21
400 9
1300 19
900 18
500 11
1200 20
600 11
1100 19
1200 16
1400 18
1200 19
1200 23
400 7
1000 16
800 15
1300 19
700 13
800 14
600 12
1600 19
1100 22
1100 16
1300 25
500 9
500 9
1100 17
1000 17
600 12
700 15
1200 20
1100 19
700 12
900 15
600 12
1000 18
600 11
1000 15
1100 20
900 17
700 11
1400 20
700 13
1200 15
500 10
500 11
400 7
1400 24
1100 11
900 16
1400 19
900 11
1100 22
900 18
1300 17
1400 17
1500 20
500 8
800 13
900 15
1300 22
1400 20
500 10
800 11
900 15
400 7
800 11
600 9
800 15
1100 14
800 14
2600 22
1300 19
700 12
1000 14
700 15
1200 23
600 11
1700 24
900 16
1400 14
700 14
1400 24
600 13
1200 20
1100 19
800 13
600 11
900 18
600 11
1400 24
1000 17
900 16
900 16
1100 18
800 10
1000 20
1300 23
1100 20
800 12
1200 24
600 10
900 17
900 15
800 15
500 10
900 19
1200 17
600 11
1000 18
1000 19
500 10
700 12
500 9
1000 17
800 15
1100 18
900 13
500 9
1000 16
900 15
600 12
800 12
800 17
900 17
900 16
800 14
1300 20
3500 12
800 15
600 10
1200 20
1000 17
700 10
800 12
1000 19
800 23
800 16
1100 21
600 11
800 16
400 9
700 9
600 15
1200 26
1000 21
600 12
1100 18
1000 17
900 15
1000 16
1000 19
900 15
500 12
700 13
1400 21
1000 15
1100 19
800 13
1500 27
800 13
1100 20
700 11
600 12
1300 20
800 14
600 12
1100 22
700 15
400 7
700 14
700 14
700 13
1100 18
1800 27
900 19
1200 18
1300 23
1000 19
700 13
1100 13
700 14
900 18
1000 18
1100 22
900 14
800 16
800 16
800 16
700 13
900 16
1000 15
1100 14
800 15
800 13
700 15
700 14
1800 23
1100 16
1000 17
1200 21
500 8
1100 16
1000 18
1000 19
1500 17
1200 23
700 13
900 19
900 19
1000 19
800 13
1100 24
1100 16
700 13
600 12
1300 20
600 10
1200 23
700 13
500 7
700 11
1000 18
1100 21
800 16
1300 24
500 11
700 12
900 17
1000 15
800 17
1000 19
900 17
700 16
1400 24
700 14
900 13
800 16
1000 15
500 9
1100 17
700 11
900 15
1100 17
600 12
900 15
700 13
600 10
800 15
900 16
700 15
600 12
1200 22
1300 17
1700 27
1200 17
2300 11
900 15
800 14
900 17
600 12
1100 18
800 14
1200 23
1100 18
900 18
1100 15
1300 20
900 18
1000 18
1000 18
700 16
500 10
700 12
1200 22
1300 20
1000 17
600 12
800 16
700 14
1300 20
800 18
1100 20
1100 19
800 15
1100 17
800 15
1400 22
700 15
900 17
700 15
1100 18
800 17
800 16
1100 16
700 12
1300 21
1100 22
900 18
700 15
800 14
900 17
1300 21
1100 17
600 11
900 18
500 11
1000 19
1400 19
400 7
600 13
800 13
800 14
1500 29
1000 20
800 13
1000 18
1000 12
1900 20
1000 15
800 15
700 10
1000 17
1000 16
700 14
1300 22
1400 27
800 17
800 16
1400 18
1200 21
900 17
900 17
1600 25
1000 16
800 16
700 13
400 9
1000 14
2200 15
900 15
1200 16
1000 17
1500 22
1500 22
600 12
1100 21
900 14
1000 18
600 9
1300 24
900 16
1000 15
700 12
1200 21
1300 18
700 13
1200 21
600 12
1100 18
1100 18
700 12
1000 20
700 15
1800 21
900 14
900 15
900 19
1000 17
1500 24
400 8
700 13
800 13
900 18
1200 22
900 18
700 14
900 16
700 13
900 14
900 17
1000 17
1300 21
800 14
2600 16
1100 19
1300 18
900 15
900 15
1300 21
800 12
700 15
1200 24
500 11
700 14
1000 16
600 12
1100 15
800 14
1500 24
1100 18
1300 18
500 10
1300 19
1000 20
700 12
900 18
800 16
800 15
600 12
1000 17
300 6
900 18
700 14
500 7
1200 22
1200 18
1000 15
300 5
900 19
500 10
700 12
1100 18
1100 18
1000 18
600 10
900 18
900 20
700 15
700 11
900 18
600 11
900 16
1400 22
1400 24
700 18
800 15
700 14
1100 18
1400 25
1200 24
600 13
800 13
900 17
900 16
800 13
700 14
700 14
1100 20
900 17
500 9
1400 22
700 13
900 14
1100 19
1200 19
1000 18
600 12
1300 26
900 12
1000 16
900 14
600 11
800 15
800 15
800 15
500 9
600 12
1200 22
700 14
1000 16
600 10
800 15
700 13
1100 21
1500 23
1300 19
1000 16
1200 21
700 13
800 15
600 12
1000 21
3000 17
800 17
900 15
1100 19
1300 18
1200 22
1200 21
1100 14
500 10
600 13
900 18
700 13
1200 19
1000 22
700 16
900 20
1100 20
700 13
800 15
900 14
1200 22
1200 21
900 18
1200 21
1100 19
600 11
700 13
1400 22
1000 17
4300 14
1100 20
700 14
800 13
800 15
1200 24
1200 22
600 11
500 10
600 11
400 8
800 13
500 13
1000 17
800 14
1300 23
500 11
1000 15
900 18
900 19
600 13
600 11
1300 23
900 14
1000 18
700 14
900 13
700 14
700 9
500 12
900 15
1100 19
1000 16
1200 20
1600 28
1000 17
700 13
800 16
1100 15
700 16
700 11
1000 15
1000 19
1100 20
600 14
600 11
700 15
800 16
800 14
1100 18
1400 22
1000 18
900 14
1000 16
1500 18
400 7
1100 19
700 12
700 12
600 10
600 11
500 13
800 14
1200 23
1100 18
1000 18
900 14
2600 18
1100 16
700 13
1000 16
1700 23
600 14
500 10
1300 27
900 16
1000 19
1100 20
700 14
900 19
1200 23
800 16
900 17
800 13
600 9
800 16
400 10
1100 23
900 15
1000 18
900 17
900 14
700 10
1400 25
1300 20
800 18
1000 16
800 17
1500 19
1000 20
600 14
1200 22
1000 19
1000 17
800 16
1000 19
800 15
800 14
800 15
600 13
1200 18
900 16
1100 19
500 7
800 13
700 12
1300 19
700 11
800 17
800 13
800 15
1200 25
1300 18
1200 18
1000 21
800 17
400 5
1100 19
2200 17
800 17
700 12
1000 16
1000 19
800 15
700 14
900 18
900 17
700 13
1200 21
600 10
800 12
900 15
900 20
900 12
700 12
900 18
1000 18
700 12
1100 16
700 13
1100 20
1000 17
1100 17
700 11
1400 23
600 11
800 15
700 14
1400 24
300 5
1000 17
700 16
800 16
1500 21
1000 18
1000 18
1100 20
1000 16
900 13
900 17
1500 28
1000 17
900 15
700 14
1200 21
800 16
700 10
700 10
1200 20
1000 14
700 13
1100 20
1100 19
400 8
600 13
1000 15
1600 26
1000 19
1000 18
900 14
700 15
1000 19
900 18
1000 21
1000 17
1300 17
800 17
700 13
800 13
1000 17
1500 22
600 10
1000 20
900 16
900 14
1000 16
800 16
900 17
700 14
800 16
600 12
2100 15
800 9
900 12
900 14
1600 21
1300 20
600 8
1800 21
1300 18
1200 20
700 11
1400 20
700 11
500 9
1000 18
900 17
800 15
900 16
1100 18
1400 19
800 13
900 14
1200 21
600 9
1100 22
1700 26
1100 18
700 12
1300 18
400 8
1700 24
1600 19
700 11
600 12
1300 22
800 12
1700 26
1100 19
1200 20
1200 21
1000 15
1300 18
1200 22
1200 20
800 17
1400 24
900 14
1300 17
1100 17
700 13
900 15
1100 20
700 9
800 16
500 10
1000 17
700 11
700 14
1000 14
1000 17
1500 20
600 11
1200 21
1000 18
1200 21
600 11
1300 22
800 12
1100 20
1300 17
1300 19
1100 16
800 10
1700 25
1300 17
700 14
900 14
900 16
1200 18
1200 19
1300 26
600 11
1200 19
1400 17
800 15
1100 21
1300 19
700 11
1400 24
600 11
800 17
600 11
700 13
900 14
1200 19
1300 20
4100 11
1200 18
1300 23
1300 19
900 16
800 14
1300 18
900 15
700 12
600 10
1200 19
800 15
1800 20
1000 19
600 10
900 17
600 10
1300 20
1100 19
800 14
500 10
600 12
1200 18
800 14
1200 19
600 10
1100 17
800 14
1300 25
800 11
900 16
1400 19
800 14
800 14
900 18
1100 21
600 12
1300 23
900 14
700 12
1000 15
900 16
1000 19
1300 17
800 15
600 10
1700 20
800 15
700 11
1100 17
800 15
700 14
1300 22
1600 27
1300 19
1600 24
700 13
1100 19
1600 21
700 13
1300 22
1100 18
800 13
900 17
1100 19
1100 17
800 17
1100 15
800 15
1000 16
500 11
900 17
700 12
1000 20
700 15
1100 21
900 16
800 14
500 8
900 16
900 17
900 16
900 13
1000 18
700 12
800 14
1300 20
1200 20
1300 19
1300 22
1000 15
700 12
900 14
1200 17
900 16
900 15
1000 18
1500 23
900 13
800 15
600 9
1200 19
1500 23
800 14
900 14
700 15
1100 19
1000 15
1100 20
1000 18
1000 18
800 13
1300 19
1000 18
1000 18
600 11
600 10
700 12
700 14
1200 19
600 11
1100 19
800 13
700 13
600 12
1100 19
900 16
700 12
1100 19
1300 17
700 15
800 14
1500 23
900 15
900 14
600 13
1100 21
1200 23
1300 25
1300 17
800 14
63900 15
1100 16
1200 16
800 14
900 18
600 9
700 13
600 9
800 13
900 12
1000 18
1100 18
1200 19
1300 23
1100 14
1300 15
800 17
1000 17
1400 21
1300 23
1100 16
600 12
400 7
1100 18
1200 19
1900 21
1100 19
1300 23
1300 20
800 14
600 11
400 9
1200 18
900 17
400 9
700 11
1200 21
900 12
2500 15
900 15
1200 22
800 14
1600 20
1000 18
600 9
1800 24
800 14
1000 13
1000 15
800 12
900 16
1200 20
1100 19
800 12
1100 16
600 13
900 18
1400 21
2000 29
900 14
1000 16
700 14
1200 17
1100 17
900 17
900 22
700 11
1400 21
1500 21
900 14
900 13
800 14
1000 17
1000 17
1100 22
500 10
800 16
1200 21
1400 20
1000 16
1100 18
1500 22
800 15
1100 19
800 17
800 11
600 12
1100 20
1200 19
1500 25
1200 13
1300 22
1100 15
1300 18
1200 22
500 10
600 11
900 16
800 14
1200 19
800 15
1200 17
1000 16
2000 22
1200 21
600 10
700 12
1400 23
900 16
900 16
1400 23
900 15
1100 15
400 7
500 8
1500 24
1300 26
800 13
900 14
700 11
3000 22
1100 22
600 13
900 14
900 15
1000 17
1000 13
1100 22
800 14
1200 20
1900 27
1300 17
800 14
800 18
700 11
700 14
800 16
1500 18
1000 16
1100 19
600 9
1100 13
800 14
1300 23
1000 15
800 12
1400 21
1100 19
700 12
800 15
900 14
1400 19
600 12
29500 16
1200 18
1100 14
1000 17
1100 16
1000 18
1100 19
1100 16
600 10
600 10
1500 24
1300 22
700 11
3200 24
1500 19
800 13
1300 21
600 12
1000 15
900 17
900 17
700 12
1000 22
1100 18
1100 20
1600 23
1000 20
900 18
900 17
900 15
1000 16
1100 16
1200 18
1300 19
1400 12
1000 13
1200 18
1000 14
1100 21
1900 27
1400 21
800 16
900 14
900 17
1000 16
1300 21
1300 14
900 15
1500 22
1000 16
1100 16
1100 18
1400 22
1500 22
1000 16
700 12
1300 23
900 18
1100 20
1500 18
1100 17
900 17
1000 15
900 15
1400 21
1100 19
900 18
1100 17
900 13
600 9
800 13
1400 23
800 13
800 16
500 9
1100 16
1000 15
1300 18
1200 20
600 11
1200 19
1100 17
1600 18
900 15
1700 22
900 15
700 12
1300 23
1100 17
800 13
1100 16
800 14
900 16
700 13
1000 19
1200 18
800 16
700 13
1300 22
1100 16
1000 16
1400 20
1100 17
1100 17
1400 22
1000 20
1000 15
600 12
1300 25
700 13
800 12
1100 15
500 8
800 11
800 16
2700 15
800 12
800 16
1000 13
1000 17
900 17
900 18
1100 18
700 10
700 14
800 15
800 13
900 16
600 12
900 16
1300 23
1500 21
800 14
1000 15
800 15
1800 21
600 12
900 14
1300 19
1200 20
900 16
1800 27
1200 20
1000 20
900 17
1100 14
1100 19
1300 20
1200 20
800 18
1000 17
800 18
1000 16
1000 18
900 13
900 19
800 13
800 14
1500 19
900 18
800 14
800 15
1300 22
800 16
1600 23
1300 17
1000 15
1000 17
700 14
800 15
600 12
600 14
900 19
900 11
1000 19
1200 21
1000 18
500 11
800 16
1200 20
800 12
1000 15
1800 27
1400 15
1100 18
1100 17
1100 17
900 15
900 22
800 14
1100 19
600 13
700 14
1000 16
1400 21
800 17
1400 19
700 13
1200 23
1000 17
1400 19
800 16
1500 23
700 17
1400 20
400 10
1300 25
1100 18
600 15
600 13
700 13
1000 15
1200 16
1000 15
1600 25
1300 21
1100 13
1000 19
900 14
1000 14
700 17
400 9
1400 21
900 12
1100 18
700 16
700 11
900 14
1200 19
2100 21
1100 19
1500 24
400 8
700 14
1500 20
1300 18
900 20
500 9
1500 25
900 17
1200 12
1200 19
1100 21
2700 19
1500 18
1000 18
1600 18
1100 18
800 14
500 9
1200 19
600 14
1000 16
800 17
900 18
1200 21
1200 16
800 14
900 12
1300 22
1100 14
800 14
1300 21
700 14
900 12
1300 23
1200 18
1200 19
1000 16
1400 20
1500 23
1100 18
600 12
1300 21
1100 17
700 12
900 16
900 14
1100 15
1200 20
600 8
1200 19
900 16
800 14
400 7
1300 23
800 14
1300 21
1000 13
800 12
900 18
900 17
1200 22
1100 14
1200 17
900 16
1500 25
1000 17
800 18
1200 22
800 14
700 15
1200 18
500 9
500 10
1000 16
800 18
1000 18
700 13
900 19
500 9
1000 16
900 16
800 20
1000 17
1200 20
1100 18
500 9
1100 21
1000 18
900 20
900 14
700 15
1000 17
1300 19
900 19
800 13
800 17
900 19
700 11
1000 20
1000 19
1200 15
700 12
900 12
1200 19
500 12
1000 17
2100 11
900 17
1200 18
400 7
1000 20
1200 22
1200 16
1300 16
1100 13
900 18
800 16
800 16
600 14
700 13
900 16
900 18
900 17
1000 16
800 15
700 16
400 8
1700 25
500 13
900 16
1000 16
900 17
600 13
800 18
1100 18
800 16
1200 22
600 12
700 17
3000 19
400 9
1000 18
1100 17
900 18
700 17
1200 22
1000 17
1200 24
1100 18
800 17
800 17
1000 15
1300 19
900 18
700 15
1200 24
1200 19
600 11
1300 21
1300 18
1100 22
700 13
1100 19
1000 22
800 18
800 15
1000 18
500 13
700 16
900 17
600 15
1000 16
1000 15
1100 17
1000 17
1000 20
1000 17
600 13
1200 23
1200 22
700 15
1200 23
800 18
500 14
700 15
1500 20
1500 23
700 16
1100 21
1300 24
1100 21
900 16
300 8
600 13
1100 19
700 14
600 11
900 13
1800 25
1200 18
1000 19
1000 19
1400 19
1200 21
800 17
1000 20
1400 24
1100 19
1000 17
1100 18
1000 15
900 16
900 14
500 12
900 15
800 14
1300 24
1000 19
900 16
800 17
600 10
1300 24
800 14
800 13
900 15
1900 13
1100 24
500 9
1100 19
600 12
1300 20
1200 15
900 14
1200 23
900 19
1100 17
1100 15
600 10
1100 19
1000 18
700 15
700 14
1000 16
1000 23
600 12
800 14
900 19
1200 20
900 19
600 12
800 15
300 6
1100 19
1100 20
1200 16
1600 23
900 17
700 11
1700 23
1000 17
700 14
1300 21
1100 17
800 17
1100 19
800 14
700 12
2900 25
900 16
1500 25
1700 27
900 18
900 16
500 9
1100 20
1100 16
600 12
900 17
700 13
1100 17
1000 20
1000 20
600 10
700 14
600 11
1300 23
1100 18
900 14
1400 17
1100 16
800 13
800 13
1800 28
900 13
1100 18
1300 21
1400 21
1500 24
1100 18
1600 19
400 8
700 18
1200 17
1100 24
1100 16
1100 22
900 18
700 13
800 15
400 7
600 11
1000 16
900 15
800 13
1700 25
1000 19
1200 22
1300 25
900 19
1300 21
1000 20
1500 22
1200 20
700 12
800 12
1300 16
1000 17
900 15
700 12
1200 23
1400 21
800 15
700 14
1100 20
1600 17
1300 21
900 18
1100 20
1800 27
500 10
600 13
500 10
700 13
2900 12
1400 14
1700 19
1500 17
1400 16
2600 32
1400 16
1100 18
1100 15
1200 18
1300 16
1200 14
1100 18
800 14
900 15
1300 21
700 11
1700 19
1100 15
1200 19
1400 19
1000 16
1300 15
700 12
1900 25
1100 13
2200 11
2200 26
700 11
1700 26
1300 17
700 13
1300 18
1200 18
900 14
1300 22
1200 17
1600 20
1100 17
1300 23
1100 15
1700 22
1000 16
1600 17
1300 18
600 8
1100 15
900 15
900 18
1000 18
1200 16
1200 14
1000 12
1700 19
1100 17
1100 19
1000 16
1100 18
1000 15
1200 20
900 12
700 10
1000 15
800 16
1000 18
1400 18
1600 24
1400 18
700 11
900 15
1900 24
1300 20
1400 21
900 14
1400 22
1200 17
900 12
1100 18
900 14
700 11
700 12
1200 15
800 14
1100 19
1500 20
1400 20
600 9
1600 24
700 11
1000 16
1000 18
700 11
1400 21
800 14
1100 11
1200 18
900 17
600 12
900 15
600 11
1000 16
700 12
1500 25
1200 20
1000 16
700 10
700 15
1600 24
800 16
800 16
1300 21
700 14
900 17
900 15
1100 13
1100 18
1800 22
800 13
800 14
2000 23
1600 18
800 14
500 8
1000 17
900 13
1000 13
600 12
1000 16
900 16
1400 20
1400 18
1100 16
700 13
800 14
1100 17
1400 20
1400 21
1000 15
1600 23
1200 16
1700 27
800 10
700 16
1300 20
1000 16
1300 21
1500 16
1200 20
800 17
800 12
1700 21
1400 24
1100 16
1500 19
2500 15
700 11
1700 22
1100 17
1500 21
800 13
1300 19
900 14
1100 19
700 12
1000 16
900 15
800 16
600 9
1500 24
800 14
1000 16
1000 15
1700 25
900 15
1300 20
1100 19
800 14
1100 19
900 14
700 10
1400 19
1200 16
1800 22
1000 19
1100 16
900 19
1400 20
800 10
1100 14
900 16
1000 19
700 12
1300 22
600 10
1400 21
1300 22
900 15
1800 29
1600 23
1000 16
900 15
1300 25
1000 16
700 10
1300 19
800 13
900 14
1100 18
1200 21
1400 15
900 16
900 16
1100 18
900 15
900 17
1300 23
1500 21
1200 15
1500 20
1500 24
600 9
700 13
1000 16
600 12
700 15
1300 16
1100 16
1800 26
1000 16
1100 21
1000 17
1000 16
1000 15
800 12
2000 29
600 10
700 14
800 12
1000 19
400 7
800 15
1700 27
900 15
1100 20
2100 24
1500 24
1100 20
800 14
700 11
900 15
900 12
700 13
1000 13
700 14
600 12
1300 22
1700 29
1500 22
1000 13
1000 21
1200 21
1600 20
800 14
900 15
1500 22
800 13
600 11
700 9
900 15
1000 20
1400 22
1100 16
600 12
1300 21
800 13
900 16
1600 24
1100 15
800 17
1300 16
1000 17
1200 18
2700 17
1400 21
1500 19
800 15
600 11
1000 16
900 17
900 17
900 15
500 11
1000 18
1600 22
1200 16
1100 16
1300 21
1100 15
1200 22
900 15
1400 21
1000 18
900 16
800 12
600 10
500 9
800 14
800 18
1300 22
1500 22
1100 19
600 9
1100 18
1000 19
1400 19
700 11
900 14
900 18
600 11
1200 20
1000 19
900 16
1000 17
1000 19
1000 16
1700 25
1300 20
1400 23
600 12
900 18
1000 16
1200 16
1100 19
900 16
800 13
1000 16
1500 23
1200 18
800 15
1000 18
800 13
800 16
2000 22
1300 21
1100 18
400 9
700 10
800 14
700 14
1100 19
1300 23
600 12
1300 18
1100 20
900 16
1000 18
900 16
1400 18
900 16
2000 30
1000 19
1600 23
900 16
400 10
1600 23
1000 18
2500 21
800 12
2300 16
1400 17
1100 16
1400 20
1100 17
900 15
1000 15
1400 17
1000 20
1500 15
700 13
1000 17
1000 17
1100 19
1400 19
700 12
700 13
900 13
1100 16
900 14
1000 15
900 16
1100 23
1800 27
900 16
800 12
1300 22
600 11
1200 21
1200 19
500 9
1300 20
1100 19
1000 16
500 9
600 9
1200 22
1000 19
900 16
1600 22
1000 18
1400 21
2300 15
800 15
1000 17
1400 19
1500 22
900 15
1400 23
1200 22
1000 18
1300 20
500 9
700 12
1300 23
700 16
800 11
800 17
1000 16
1000 15
1100 14
700 12
900 17
900 16
1200 19
700 10
1300 22
600 10
1100 17
1600 16
1100 18
1400 23
1000 13
700 13
800 15
800 12
700 14
700 11
900 14
1200 18
500 11
1000 14
1000 15
1700 25
1500 19
800 16
1800 28
800 16
1100 17
1000 18
2000 24
800 12
1300 22
1500 21
700 10
1500 25
1000 17
900 16
1500 20
1500 24
1100 17
800 15
700 14
900 16
1000 20
1100 15
1000 16
1400 24
800 12
1100 15
800 13
1100 20
800 12
800 12
1000 16
1000 15
1200 20
700 12
1300 21
900 16
800 14
900 12
1300 22
1000 17
2200 27
1000 14
600 11
1300 18
1000 19
1100 17
1100 17
1200 17
1600 23
900 14
1300 21
1000 14
1000 18
1500 23
1300 20
1500 20
1100 19
1500 20
1600 24
700 14
1000 14
1000 18
800 13
800 16
800 15
800 15
900 12
500 9
700 12
1000 18
800 13
800 13
1100 17
2500 34
1000 16
1200 21
1000 15
1200 22
700 12
600 12
1300 22
1000 16
1000 15
1100 18
1400 21
600 13
2800 17
1000 16
800 17
1400 20
600 12
1000 16
700 12
800 14
1600 27
600 13
700 12
1100 19
1100 17
900 17
1400 21
900 17
1000 14
500 11
1600 19
1000 16
700 14
1100 19
1100 17
1100 18
1700 26
700 10
1600 23
700 13
1400 21
900 17
800 12
600 12
1300 21
1200 16
1600 23
900 14
700 10
700 8
800 16
1400 20
1400 23
1500 22
800 16
900 20
1200 21
1300 21
700 12
700 13
800 15
1100 22
1000 15
1000 17
1300 16
1000 18
600 9
1200 20
1400 19
1600 21
1600 24
1400 25
900 17
800 17
900 14
600 11
700 12
800 14
1300 18
1000 16
1700 28
800 14
1500 25
1300 18
500 7
1000 14
1100 20
1300 23
900 17
1100 17
700 12
600 8
1400 21
1200 22
900 16
800 13
900 16
1400 20
1100 19
1000 20
800 13
1100 18
1400 22
700 12
1600 21
1200 19
1300 20
1000 18
1200 11
900 15
800 12
1200 24
600 12
1600 24
800 13
1300 17
1800 23
900 14
1200 18
1400 24
1200 14
53000 21
1700 18
1300 18
600 10
1300 21
1200 19
1500 23
1000 15
1500 23
800 13
2500 31
900 13
900 15
1500 25
1100 19
1000 17
700 13
1100 16
1200 18
3400 13
1300 16
1200 18
800 13
500 10
2500 33
1200 19
1000 14
800 15
1500 26
1600 21
1600 25
2500 22
500 8
1300 19
800 14
1400 19
800 14
1100 18
1200 21
900 14
500 10
500 8
1400 15
1400 18
800 17
1100 16
1400 20
700 12
1200 22
1500 23
1000 16
600 10
900 18
700 13
700 13
900 19
2500 15
1100 22
1100 17
1000 19
1500 23
1400 22
1100 14
800 15
1100 21
1000 12
900 18
900 16
1700 25
700 11
600 10
1200 21
900 14
700 12
700 16
700 13
1100 19
800 15
1000 15
1000 18
800 13
1000 17
800 16
1300 21
800 14
1200 17
900 13
1700 24
800 18
1200 17
700 11
1000 18
500 9
1400 18
800 14
1200 19
1100 16
1500 21
900 13
1000 14
1100 20
800 15
500 9
600 11
1400 24
1400 23
900 14
1500 23
1100 18
1000 17
1800 22
1600 20
700 14
1200 18
1000 17
800 11
1000 17
900 16
1300 20
1200 18
1300 19
800 13
1100 14
1100 20
1400 19
1400 21
900 14
1200 18
1100 15
1000 19
1300 18
700 15
1300 27
1000 19
500 9
700 12
1100 18
1100 15
1000 19
1100 21
1100 18
1200 21
1300 19
1000 18
600 13
600 14
700 14
2500 15
900 14
1000 19
1000 16
500 9
1000 17
900 15
1100 17
600 13
1100 19
1100 19
1400 22
900 18
1000 19
1500 22
1200 21
900 16
1000 17
1000 15
1100 17
1200 18
800 13
1100 15
1300 21
900 17
500 10
1400 17
900 16
900 18
1100 16
700 15
1100 21
800 15
1300 16
1600 18
900 13
1200 19
700 13
1000 18
1200 20
600 11
56200 15
1500 18
1200 16
1300 21
900 14
1200 17
900 15
1600 25
1000 17
800 14
700 15
900 14
1300 17
700 13
700 17
1300 16
4600 21
1400 21
1200 17
900 14
1000 16
800 16
1200 19
1300 18
1500 20
700 15
1600 21
1100 18
1000 21
900 16
400 7
1500 21
600 12
600 11
1000 23
1100 23
1500 22
900 16
1800 23
900 16
800 14
800 14
2100 22
700 13
1500 23
1100 15
1000 17
1300 25
1800 25
1300 19
900 18
1000 17
1100 15
700 12
800 13
1000 20
600 10
1700 25
1100 15
1300 18
1200 22
2200 30
1600 21
700 14
1400 21
1500 23
2000 27
1300 18
1100 17
1300 21
1600 20
900 16
1500 26
1500 22
1100 18
500 7
600 13
1100 20
1000 17
1000 16
800 12
900 14
1000 15
900 11
1500 18
1500 23
1100 16
2900 23
1400 19
1000 15
600 11
1500 23
1600 21
1000 18
1700 27
500 10
1800 27
800 15
800 13
700 13
1500 22
1000 20
1800 26
1400 16
1000 15
700 18
800 18
1300 18
900 15
1400 21
1200 16
1200 16
1300 21
900 16
1800 27
1700 25
1300 19
1400 20
2100 15
1200 17
1100 14
1700 24
2200 26
1300 18
900 15
1700 23
900 13
1500 19
1100 20
1000 16
1000 16
1200 14
1400 20
1100 15
800 14
800 12
800 14
500 12
172600 22
1600 12
2200 20
1600 19
1500 15
1200 13
900 12
1300 14
1000 13
2200 26
1500 19
1300 14
900 12
1300 16
1200 17
1700 17
1400 19
800 13
1300 17
1200 18
600 10
1600 15
1200 17
1200 18
1400 17
1200 14
2400 25
1200 16
800 13
700 12
900 11
1300 16
900 14
2300 32
1500 16
1600 23
800 13
1100 18
1300 21
1400 18
1100 18
1100 15
1400 16
1800 22
1500 21
2200 26
1000 13
1200 18
2400 17
1500 23
800 14
2800 21
1100 15
1000 14
1300 18
1400 15
1400 16
900 14
1200 20
1400 17
1900 23
900 13
1100 11
1500 23
3400 19
1400 18
1800 22
1800 17
800 13
1100 15
1500 19
1600 16
1000 14
2100 23
900 12
500 8
1800 22
800 12
2000 21
1600 18
1100 15
700 13
1200 18
1100 13
1600 19
1200 18
1200 16
2200 23
1000 15
800 10
1000 16
2600 23
900 17
500 9
1700 19
1800 24
500 10
800 11
1600 22
500 10
38000 18
1400 17
1800 19
1700 17
1500 18
1600 21
1500 20
1300 17
1400 21
800 12
1000 15
700 12
1000 13
1600 21
900 13
1500 16
1000 11
1500 24
1600 18
1600 20
1600 16
1600 22
1000 14
1800 18
1200 16
1800 18
1500 18
1000 15
900 15
1700 18
1000 14
1000 13
900 15
700 11
1000 17
1800 19
1200 18
1400 20
700 11
1200 18
1300 16
1500 19
1500 19
1400 17
1200 15
1700 25
900 13
900 14
2100 23
1000 16
1000 16
1000 12
800 16
1100 16
1200 20
1200 18
2300 21
500 7
2200 28
1900 19
1700 26
1600 24
1000 13
1400 19
900 14
700 15
1600 25
1000 17
1900 22
1000 16
1000 12
900 13
1800 23
900 17
1200 18
1300 17
900 13
1900 20
1100 17
3400 20
700 9
800 13
1000 14
1100 18
1000 16
1400 18
800 11
700 12
1500 24
1200 18
1100 15
1200 20
1300 19
1100 15
700 11
1400 22
1200 19
1200 20
1500 23
1000 15
900 14
800 14
1600 22
1800 19
1100 15
1300 22
700 11
1100 13
700 12
1200 17
1300 16
1200 21
1200 17
700 14
1300 20
1300 18
1000 18
1000 12
1700 23
2000 22
1100 16
800 12
900 14
1400 18
600 11
1300 18
2100 25
1000 19
900 13
1500 22
1000 14
1200 19
700 12
1200 17
800 15
1000 20
1400 21
1200 16
1300 22
1200 12
1600 24
800 15
1000 18
1000 21
1500 19
800 14
1400 18
1300 19
1000 14
700 10
700 11
600 13
1600 26
700 16
1000 22
800 14
800 14
1100 19
1000 19
1200 20
1300 20
900 17
1000 17
1300 20
1100 19
1100 17
1000 15
1100 16
1200 21
600 12
800 16
1100 18
1200 19
1200 20
700 15
1500 23
600 12
900 15
1000 16
1100 16
1300 19
1300 18
1300 15
700 10
1100 17
800 12
800 12
1100 17
1000 18
1700 25
700 13
900 17
2300 31
1000 16
1100 18
53600 26
1800 20
1400 16
1300 18
1500 22
900 13
1100 16
1000 19
900 16
1200 18
800 14
1200 17
3100 21
600 12
1200 15
900 14
1100 15
800 11
500 13
1000 15
2100 29
800 13
600 11
1100 15
700 13
1000 15
1200 14
1100 16
1200 21
700 11
1600 26
1700 31
1000 14
1200 20
1100 14
1000 17
1500 22
900 14
1300 21
800 13
1400 23
900 16
1900 20
800 15
1200 18
700 15
600 11
1000 13
500 10
1900 28
900 15
700 16
1300 18
800 14
600 12
1200 22
1300 19
1100 16
2500 22
900 15
900 16
1100 20
1200 21
1700 25
1000 14
1100 22
900 16
1100 20
1400 23
1100 14
1500 20
1300 20
800 15
800 15
1200 20
900 14
700 16
1500 23
1100 20
800 14
1000 19
500 13
1300 17
1000 18
700 13
900 16
700 12
800 15
1200 21
1100 14
1500 22
900 16
1000 21
1200 19
800 13
1100 23
1100 19
1900 23
600 12
1100 18
1300 16
1000 16
1000 15
400 6
700 15
1900 30
1300 21
1000 13
900 15
1100 22
1500 18
1000 19
800 17
700 17
1600 22
700 11
1300 18
1900 24
900 16
1800 25
1100 17
500 10
500 11
1300 24
1200 19
700 11
700 11
700 12
1700 28
1200 21
1800 26
1200 20
900 15
900 16
1100 19
1600 18
1400 20
800 13
2000 21
1800 22
2900 15
500 10
900 13
1600 18
800 14
1900 22
1500 21
700 12
1000 15
1200 16
1100 18
1100 16
1200 16
800 14
1200 19
1000 15
900 13
1700 26
900 13
1200 20
700 12
1100 14
1100 15
600 11
1300 18
1800 19
900 13
1300 20
1900 20
800 13
2100 29
1700 18
1600 23
1100 20
1100 12
1000 14
900 17
1300 23
4900 18
900 13
2500 11
1100 20
1300 19
1400 22
1600 25
1100 16
1300 23
1100 17
1100 18
1000 15
1100 14
900 14
1300 18
900 15
1300 17
400 7
1000 16
1200 16
1000 16
1000 14
1300 22
1300 22
1600 23
600 13
800 13
1700 16
900 13
1200 20
1700 24
1900 28
1300 17
600 11
1900 29
1300 22
1500 18
1200 19
1300 19
1100 14
1000 17
1600 26
1000 18
1300 19
1200 17
900 12
1400 21
1600 22
1200 19
1200 17
1000 19
900 17
1600 21
1700 21
900 16
900 15
1400 24
800 13
1000 16
2000 26
1100 20
1000 16
1200 19
1100 15
1100 18
1900 20
1500 24
800 16
1400 24
1100 16
900 15
800 13
1300 18
800 13
1400 20
1100 18
1200 20
1600 22
700 12
800 11
1000 18
1200 17
1000 12
1400 18
1100 18
500 10
900 16
800 11
1300 18
400 7
3100 23
1100 16
800 13
800 15
1600 17
1400 18
1000 13
700 12
1000 14
1100 16
1300 19
1100 20
1700 22
1100 18
1000 16
800 12
1400 21
1600 23
700 13
1000 13
1600 24
1000 14
1100 15
1400 23
1100 17
1100 18
1100 15
900 14
900 13
500 8
1200 22
1300 19
1600 26
800 13
1100 19
700 12
1700 20
1900 26
500 8
1800 22
1600 23
1400 20
800 17
800 11
1000 16
1200 19
1200 19
1500 21
1000 16
500 10
1800 28
1300 17
900 16
1000 17
1500 24
1400 21
1000 15
1300 19
900 16
800 13
500 9
1200 19
800 12
800 14
900 15
1300 18
1200 17
1200 14
1300 24
1300 17
1500 20
1300 15
800 14
1200 18
1000 16
1200 12
1300 19
800 12
900 17
500 13
700 15
1500 21
1200 19
1700 21
1000 14
700 11
1100 21
900 14
1200 22
1400 15
700 14
1000 17
1800 21
2800 20
900 13
500 12
700 11
1000 15
1600 22
1800 29
1400 20
1300 19
700 11
1100 16
1000 17
800 14
1100 14
1200 13
900 16
1000 16
1100 20
1300 21
1700 30
1500 20
1200 18
1300 18
1300 15
800 19
1000 16
1000 14
900 16
1300 18
700 13
1300 20
800 14
1100 16
1500 20
1300 25
3000 23
1100 19
1000 17
1100 16
900 16
1000 17
1700 24
900 14
1100 17
1000 16
1000 14
1000 15
700 10
1000 15
700 11
500 9
1200 19
1600 17
1200 17
1700 21
1600 25
1200 21
1200 17
1500 21
1300 13
700 11
800 10
1200 19
700 12
1500 23
1100 17
1000 16
900 14
900 16
900 18
1000 15
1200 20
800 12
2300 20
900 12
1100 18
500 7
1400 22
1200 18
2200 27
1100 18
1200 18
600 13
800 13
1600 14
1500 20
900 16
1600 23
1300 20
1300 23
1200 11
900 12
1000 16
1200 20
1100 21
1600 21
1200 18
900 13
900 19
1000 14
800 13
1100 17
1100 19
1500 16
1500 19
800 15
1100 19
1800 21
900 15
900 14
1000 18
1600 19
900 17
1000 15
600 12
1100 16
600 10
2300 31
1100 17
1000 15
700 13
800 13
800 14
1600 25
1500 19
1000 15
1100 19
1200 19
1400 21
1300 18
1200 18
700 9
1000 19
600 12
500 9
1000 16
600 11
1400 22
1300 17
1300 20
1000 12
1100 20
1300 18
800 14
1700 22
700 13
500 10
1000 15
700 14
2000 22
1100 22
1100 19
1000 17
1100 19
700 14
1300 20
900 13
1300 22
800 13
1500 22
1000 15
1100 14
1100 18
2700 19
1300 22
1000 18
1000 19
900 13
700 14
700 11
500 7
900 15
700 12
1000 16
3000 24
900 14
1100 16
1500 26
1300 19
1500 22
600 9
1400 23
1200 17
800 16
1300 21
1300 22
1000 14
1900 30
700 11
900 16
1100 18
900 17
700 15
900 17
1100 16
1100 18
600 9
1200 20
1100 17
900 14
900 15
700 13
1500 21
700 12
1400 20
1100 20
1300 18
1500 24
1700 24
600 10
1000 17
1100 21
1200 18
400 7
1600 20
800 15
1300 21
1400 22
2000 26
1000 14
900 14
1300 17
1000 16
1000 17
1100 18
1300 19
900 17
1000 14
1600 21
1500 23
1500 21
1000 15
800 12
1100 17
1600 25
1100 17
500 8
1700 22
1300 24
1000 16
900 11
1100 18
1000 18
700 11
1800 29
1000 15
1200 19
800 13
800 12
1200 18
900 12
1100 19
1900 25
900 13
800 13
1500 24
2000 31
1200 20
900 12
900 16
800 14
1500 21
800 15
1400 22
1000 16
1100 18
1100 18
600 10
2600 13
2400 17
1400 16
1300 16
1600 18
1200 17
1600 20
1500 20
1200 11
1700 23
1500 18
1200 15
600 10
1600 24
800 10
1400 21
1400 18
1200 18
1500 21
1900 24
900 14
1200 13
1500 18
500 9
800 12
1400 20
900 16
700 10
1300 17
1600 23
1100 17
1900 26
1200 14
1200 19
1000 20
1000 13
1900 26
1300 15
600 12
600 9
1200 20
1200 15
1300 19
1000 16
1200 21
800 14
2100 24
1200 18
1300 16
1200 20
1000 16
1800 23
1000 18
1100 16
1400 21
900 16
1600 18
1300 17
1400 19
1400 19
1100 16
1600 19
2000 26
1500 17
1200 19
800 14
1500 23
700 12
1100 19
900 16
1200 17
1600 22
1500 22
800 13
3000 18
1300 20
800 13
600 13
1400 20
900 13
1200 19
800 15
1100 15
700 12
1200 20
1700 23
1100 17
1600 24
800 13
1400 20
600 11
1400 20
1200 15
800 14
1400 20
1600 22
1200 16
1100 16
1600 21
1200 19
1400 21
1200 16
1200 17
1000 14
1600 26
1400 20
1200 17
1000 19
1300 17
1000 15
900 16
1600 20
1100 19
800 13
1300 23
1800 23
1300 17
800 11
1700 25
1400 23
1000 16
800 14
1100 18
1100 14
1400 18
700 10
1300 18
800 12
1600 24
2100 25
1300 18
1100 17
2000 22
1800 20
1400 18
1400 21
1200 21
800 16
1300 21
1500 20
1000 15
700 10
1200 17
1000 16
1000 14
1700 22
1700 20
1700 23
1500 24
1200 20
1100 14
1100 16
1000 13
1600 21
1100 15
1900 27
1200 17
1300 18
1000 16
1000 18
1600 23
900 15
1300 17
1100 19
1200 15
1400 15
600 12
1300 17
800 15
1200 13
1200 11
700 13
1300 20
1300 22
1400 21
1200 18
1000 17
1200 13
1100 14
1100 17
1200 14
1300 23
1100 12
1300 20
1500 20
1400 22
1000 16
700 11
1400 24
800 13
800 10
1200 17
1100 14
900 16
2000 29
1300 20
900 16
1800 25
1500 22
1400 20
800 13
1000 19
2500 14
1100 20
800 15
700 12
1100 16
1800 25
600 9
1500 18
1300 21
1100 19
2000 25
1400 21
1400 19
1500 22
1100 17
1400 21
1400 20
1100 15
800 13
1600 22
700 12
1300 19
1500 20
1200 17
1400 22
1800 23
1400 20
1400 22
1400 13
1100 13
600 10
1500 20
700 10
1900 29
1600 22
1700 21
800 12
1900 25
1500 19
1000 15
1400 21
1200 20
1300 22
2200 25
800 12
800 14
800 15
900 18
600 11
1100 19
1300 17
1300 18
1100 14
1400 23
700 12
1300 13
1200 21
1200 15
1100 15
1900 23
900 16
600 10
1300 24
1800 21
900 16
1200 18
1200 16
900 14
1300 19
800 12
700 14
1100 20
1200 15
1100 19
1200 22
900 12
1100 14
1500 24
1200 21
900 17
600 11
1200 19
1000 17
1400 19
900 18
900 20
800 13
700 13
1200 20
700 11
1400 21
1300 19
1400 20
700 12
1000 20
900 12
1100 19
900 16
2100 27
900 13
1100 20
1200 20
1000 21
800 15
1700 21
900 15
1200 20
1000 16
1300 20
500 11
900 16
900 14
1000 16
700 10
900 16
400 8
1000 21
900 12
1400 20
800 18
1900 21
1400 22
1600 25
1300 18
1600 21
2100 29
900 14
1200 20
2700 20
600 11
1200 21
900 18
1200 19
1600 20
1000 15
900 18
1600 23
1200 18
1300 17
600 12
1100 20
1600 23
1500 22
600 11
1200 16
1400 21
1500 24
600 9
1400 17
900 19
1700 23
600 11
900 15
1400 21
1500 25
1300 22
900 13
1100 17
1400 20
800 14
800 13
900 16
1000 16
1000 18
1400 26
1300 21
1300 20
1800 26
3500 19
1400 22
1600 21
1600 28
1100 17
1100 22
1400 21
1600 27
1200 16
1200 20
2000 24
1600 21
1400 19
1400 20
800 15
800 17
1000 18
1200 23
1300 19
700 15
1100 14
500 12
1600 23
1000 17
1100 18
900 12
1300 21
1600 22
1000 16
1000 18
1600 21
1300 19
1100 17
1500 21
1200 23
500 9
1500 22
1000 19
2000 24
900 16
900 14
800 13
1100 15
800 14
1300 18
1400 20
1200 20
1800 23
1400 19
1100 20
1400 19
900 14
800 15
900 14
1400 16
1500 21
1000 13
1300 19
1000 16
800 15
1000 15
1700 31
1400 19
1200 19
1400 19
1400 22
900 11
900 15
900 15
700 10
700 9
1800 27
900 20
2000 22
1200 19
1300 17
1100 18
1300 24
900 15
1100 20
1300 21
1500 26
1300 21
900 15
1100 16
1500 21
2000 25
1300 19
2400 16
800 14
800 14
800 15
800 15
1200 17
700 13
1600 21
1100 16
1300 17
1300 24
1300 17
1000 15
900 16
1400 20
800 15
900 14
800 13
800 15
1100 22
800 13
1300 19
1800 27
700 12
1000 19
1000 19
1100 20
700 11
1000 14
800 12
1600 25
1700 23
1300 20
1300 19
600 11
1200 17
1100 19
900 13
1000 18
800 15
900 13
900 18
800 13
900 10
900 16
1100 17
1200 18
1300 18
1100 19
900 16
1500 22
1100 17
1200 16
1100 18
1500 26
1400 20
1900 26
1600 24
1000 19
1000 18
1100 18
900 15
1100 17
1100 18
1500 20
1000 12
1000 16
1300 15
1300 20
600 9
1400 19
1800 19
1600 24
1200 19
1000 15
1200 13
1500 25
1300 23
1400 20
1300 18
1400 19
2100 25
800 14
900 13
700 13
900 14
1200 18
1400 24
1000 15
1100 17
1900 23
1000 17
800 14
1100 19
1200 22
600 10
1200 22
1200 16
2000 29
900 15
800 14
1500 22
1600 21
1000 15
1500 24
1000 17
1400 23
1400 23
1200 18
1200 19
700 12
800 12
1300 25
1200 17
1900 28
800 13
700 14
1000 16
900 17
1200 20
600 12
1300 20
1600 24
1300 19
1000 18
1000 17
1400 18
900 15
2700 20
1000 17
1700 21
1600 24
1300 21
1100 18
1700 27
700 13
700 13
800 12
1000 15
1200 19
1700 26
1300 21
500 11
1000 17
1100 18
900 13
2000 24
1000 15
1600 22
1700 21
900 13
1100 18
1000 20
700 16
900 12
1600 21
600 12
900 16
1600 19
1300 20
1300 19
800 15
1200 21
1000 19
900 15
1200 18
800 16
1400 22
800 15
1200 19
800 15
1500 23
900 12
700 12
1400 20
1100 20
1200 20
1100 20
3100 20
1500 18
1200 19
1500 23
1000 16
500 9
1200 16
1800 26
1200 16
900 15
1600 26
800 14
900 19
1600 23
1300 19
1100 17
1200 18
800 14
900 15
900 15
700 14
1400 23
1000 14
700 13
1500 19
900 17
900 17
600 13
1600 20
900 16
1100 18
1200 16
1700 28
800 15
1300 19
1500 21
1800 23
1300 20
700 11
1800 21
800 16
900 15
600 9
700 13
1700 20
800 12
1100 17
1100 19
1600 20
1100 18
1100 19
1600 21
700 11
2000 26
1200 20
2000 25
1700 23
1100 19
1000 18
900 14
1000 15
1000 15
1300 23
1000 14
1300 18
900 14
1800 26
700 9
1300 17
1400 17
1000 19
1100 17
1100 17
800 14
1100 16
1200 17
900 15
1000 13
3300 22
1100 19
1400 18
1200 22
1800 26
1000 15
1200 21
1400 20
700 9
1700 25
800 12
800 15
1300 18
1000 19
1100 15
1800 23
1100 18
600 11
1300 21
2700 29
2300 21
800 13
800 14
1000 17
600 11
1300 21
1200 19
1100 19
1000 15
1100 18
900 14
600 10
1300 21
1000 17
1300 18
1000 15
1500 21
1600 22
1600 19
1300 24
1500 21
1100 18
1000 15
1600 23
800 15
700 13
1200 20
1300 20
1000 17
800 14
1000 15
1300 13
1200 20
1100 15
1500 23
1100 16
800 15
1300 21
1100 17
1100 17
1100 21
1200 18
1200 19
1700 28
1000 19
800 12
800 17
1300 18
800 14
1000 16
1300 19
1700 20
1000 17
1300 20
1300 21
1300 16
1200 21
700 10
900 16
2000 30
1400 21
1800 25
1400 21
1200 19
1000 17
900 15
1300 16
1200 21
700 15
600 10
900 15
800 15
1000 11
800 14
800 13
600 11
1600 22
1200 22
500 7
1300 17
1000 16
1000 16
900 15
700 12
1200 17
1100 19
1500 22
1400 20
1300 14
900 16
1100 17
700 12
1300 19
900 15
900 15
3500 29
1000 17
1300 22
1600 22
900 14
1000 20
1600 26
1000 15
800 13
1500 21
700 15
1100 13
900 16
3100 23
700 13
600 13
500 11
600 12
800 15
1300 17
1900 31
1700 26
1000 17
1600 25
800 13
800 16
800 15
1500 21
900 16
1300 21
1500 21
800 14
1100 19
700 11
900 16
900 15
600 10
1500 24
600 12
1100 17
1100 16
1000 17
1400 20
700 12
1500 23
1100 20
900 13
900 9
1200 22
1300 20
800 13
1300 19
700 13
1100 18
1300 16
900 18
900 15
800 15
1500 25
500 10
1100 17
1100 17
900 16
1600 23
1500 19
1800 21
1600 23
1400 21
1100 15
900 14
1000 17
1700 12
1400 20
1600 19
1500 18
1000 18
1300 19
700 13
1400 17
1400 19
1000 17
1500 23
1200 19
1300 18
1600 23
1500 22
1300 16
1300 26
900 15
1200 20
800 13
1400 18
1900 29
600 12
1000 15
1000 18
1700 27
1200 17
900 15
700 12
700 12
1000 16
1000 17
1200 17
2000 24
1100 16
1200 18
1300 18
1000 17
1400 23
1200 18
1200 14
800 13
5200 22
1600 14
10000 15
2100 17
1400 15
2400 21
1600 15
1800 22
1300 16
1100 14
1300 14
1900 21
2100 21
2400 27
1000 11
1400 15
1400 19
1600 18
1400 21
1800 18
2400 26
1600 21
1500 19
1200 15
900 11
1400 19
1400 17
1600 19
1000 14
900 15
1400 17
1300 16
1000 16
1400 19
400 10
1300 18
1700 26
1200 16
700 12
1100 19
1400 21
900 14
1900 21
1700 22
1300 15
700 13
1600 16
1700 21
800 16
900 15
700 12
1000 17
600 12
1100 14
1700 16
1500 19
1800 25
1400 21
1300 19
1100 17
700 13
1300 20
1300 19
1300 19
1400 18
1100 19
1600 20
1900 24
500 11
900 16
1300 19
1800 26
1300 21
700 14
800 13
1500 18
800 14
1000 18
1200 20
1400 20
1400 22
600 12
1100 18
1300 17
1100 18
800 13
1500 19
800 14
1200 15
1100 17
900 18
1400 21
1800 19
1100 16
1500 18
700 14
1000 21
1200 20
1200 19
800 14
1000 21
600 13
1000 15
900 16
1400 21
1600 24
900 15
1100 20
800 11
1200 19
800 15
1900 22
700 14
800 12
1400 23
1200 17
1500 23
600 10
1300 20
1500 22
1400 18
700 13
1600 29
1500 25
1700 21
1200 19
1100 16
800 14
700 14
1200 21
2700 16
800 15
600 12
1600 26
700 14
1400 18
1000 16
700 16
800 11
800 17
1000 20
1700 18
1300 20
800 14
1000 18
900 14
1000 19
600 13
800 16
1000 16
900 15
1300 19
1100 17
1100 18
1100 16
1100 20
600 10
1400 21
1300 21
2000 22
1600 22
1300 23
600 11
1300 19
1000 17
1200 24
600 11
800 14
700 17
1500 24
900 14
300 8
1100 17
1500 20
700 15
500 11
400 11
1400 21
1900 23
1000 20
1100 18
1300 21
1500 22
1600 21
1100 18
1000 13
900 15
900 16
1200 18
1200 15
1600 21
900 16
1100 13
500 9
700 12
1600 22
800 15
1000 17
1100 20
1100 20
1100 21
600 13
1700 23
1400 19
1000 15
1600 25
500 10
1800 23
1300 19
700 11
700 13
900 18
1100 19
700 11
1200 21
1300 21
800 14
700 14
800 14
1500 20
600 14
1500 22
1900 29
1100 21
1000 21
900 20
1300 23
1300 18
600 11
2200 26
1200 18
800 15
1000 17
1100 18
1500 19
1500 19
700 11
1100 12
1500 23
1200 22
1100 21
1500 25
900 15
1800 26
1100 18
1900 22
1100 17
1400 21
1500 24
1600 21
1100 19
1300 21
1200 15
1200 17
1300 20
1100 15
1200 20
800 15
2900 19
1400 21
600 12
2000 25
1200 22
700 16
500 11
1400 18
1100 20
300 9
1100 17
600 14
900 16
1500 23
1200 19
1600 23
800 10
1700 22
1100 17
1400 19
900 18
1400 22
500 11
1300 21
1000 17
800 17
600 12
1400 20
1600 22
7400 18
2500 21
800 16
1500 25
1300 21
900 20
1200 20
1200 21
500 15
900 18
1400 25
1100 20
1300 24
900 21
400 10
800 17
1200 17
800 16
1200 20
1000 22
1300 17
600 12
1200 23
1600 21
1000 15
1200 22
1000 24
900 13
600 13
1000 17
700 19
1000 20
300 9
1200 24
800 18
500 10
700 14
1000 21
1200 24
1200 20
700 19
300 8
1000 22
700 17
700 18
1500 26
1000 17
900 21
900 19
800 18
600 10
1000 22
1200 24
700 18
300 11
900 18
1300 19
1600 30
600 17
1100 14
500 18
1200 23
900 16
800 23
1000 17
700 12
900 18
700 18
1300 23
900 19
1000 18
700 18
1000 19
300 10
600 12
800 19
1000 20
900 17
1300 21
600 17
700 18
700 15
1100 25
200 9
1500 24
400 12
700 18
500 13
700 19
800 21
400 11
800 19
300 12
1100 19
1000 21
1300 29
400 10
600 16
1100 19
2800 24
900 18
1100 21
1700 32
600 14
800 18
600 16
900 21
1100 20
900 23
700 18
500 13
1200 21
500 13
900 17
1100 18
1500 31
1100 15
1400 25
900 17
600 14
700 19
1100 24
900 19
800 21
700 19
1500 21
1400 23
700 17
900 19
800 17
700 17
1100 21
900 23
800 19
700 18
900 23
900 16
400 10
1100 24
1000 19
700 20
500 15
700 13
400 17
300 12
600 11
500 13
300 8
400 15
600 10
700 20
900 20
800 19
500 10
600 15
1100 22
800 19
700 14
1200 23
1000 19
600 14
1200 24
400 9
800 20
1700 20
700 14
900 20
800 14
800 16
600 19
400 16
800 18
900 23
1000 19
800 18
600 19
400 12
1400 24
1400 23
700 17
1400 23
600 16
900 17
500 14
1500 22
900 24
600 17
700 13
700 18
600 14
1000 20
1000 19
1400 24
900 21
600 20
800 18
600 15
900 21
500 13
3100 23
800 19
400 14
1200 20
900 17
900 20
600 16
700 13
1100 21
800 19
500 17
800 17
900 21
500 17
1200 18
500 11
900 20
600 17
1000 24
800 20
800 14
600 16
200 8
700 14
400 11
600 15
500 18
1000 28
2500 15
500 17
900 17
500 12
600 15
1000 22
500 16
700 14
400 13
500 12
900 16
1000 21
1300 21
500 16
500 11
1000 23
1400 22
800 19
600 15
1200 21
400 10
800 24
500 14
1200 23
1600 32
600 14
800 16
700 14
600 19
900 25
900 20
600 18
700 16
500 16
700 13
400 13
800 22
600 19
300 8
500 15
1000 23
800 18
1400 27
400 10
900 21
800 18
1000 21
1000 20
1000 20
900 23
800 18
600 19
1300 20
800 20
600 18
500 13
1100 21
500 16
600 16
900 24
1000 24
800 14
800 19
1000 21
600 16
700 17
900 19
1100 28
900 17
900 21
1100 20
1000 19
800 19
400 13
700 16
700 17
700 18
900 22
900 14
4900 19
600 19
800 20
400 12
1100 20
400 12
1000 18
900 18
1000 23
400 12
1100 21
700 16
600 15
900 19
800 19
500 18
600 21
700 13
1000 18
500 14
700 10
600 17
900 21
1300 25
800 15
800 19
600 20
1000 19
500 15
300 10
1100 23
1000 18
900 22
500 13
800 21
900 17
600 20
400 15
700 16
300 10
500 14
1200 27
800 16
700 15
900 19
1400 23
1000 22
1000 23
1300 19
900 21
700 19
800 15
400 16
700 17
1300 29
400 13
900 18
600 13
700 16
800 17
800 19
800 20
1500 22
900 18
700 16
500 14
1100 21
500 12
900 14
400 16
500 13
500 10
700 21
1100 24
900 16
1100 29
500 17
900 19
400 14
1500 29
900 20
600 19
500 15
500 16
900 16
1100 17
700 19
600 13
900 21
1400 21
900 18
1000 24
1100 20
400 11
900 21
900 12
1200 23
800 16
600 15
300 11
2500 18
800 16
600 18
700 20
800 17
800 16
700 11
500 15
500 14
1000 20
900 20
900 19
700 22
600 20
800 16
600 19
600 15
500 18
1500 23
600 20
500 12
700 17
600 14
700 18
700 17
600 16
500 13
1000 26
800 20
1100 23
900 21
800 22
600 15
700 17
1000 15
900 24
600 14
600 17
900 22
1100 28
700 16
400 15
700 19
1000 21
600 22
900 16
900 17
500 15
900 18
900 19
700 19
900 19
1000 19
900 19
700 14
700 23
1000 21
800 22
1300 28
1000 28
600 15
400 13
1100 20
800 19
600 15
700 20
600 15
1200 27
1000 21
800 15
700 22
900 21
400 14
600 17
700 19
600 16
900 26
1000 15
1100 20
800 14
800 19
700 21
600 16
700 21
700 17
1000 21
800 26
1200 22
700 16
800 18
600 15
900 18
700 17
800 18
700 14
1100 13
900 18
500 17
500 12
900 22
900 19
800 20
400 12
900 16
1300 27
900 24
500 13
1000 25
500 17
600 16
400 14
600 15
300 13
900 20
400 14
400 13
500 16
700 16
600 16
600 14
800 19
600 17
400 11
900 19
500 13
1400 20
2300 18
900 19
800 20
1000 25
500 11
400 12
500 17
500 13
600 17
900 19
600 9
500 15
600 20
1000 19
800 21
800 19
500 13
800 19
900 20
600 19
1000 26
800 20
1200 19
800 13
600 17
600 15
400 10
1200 18
700 18
500 16
1200 25
600 15
900 18
800 24
700 16
800 18
500 15
1000 21
1000 25
600 19
700 19
600 12
1000 25
900 20
700 19
700 14
500 17
900 19
1100 25
800 19
600 16
700 20
700 19
600 16
800 17
700 18
1000 23
400 11
900 24
1000 21
1000 22
600 13
500 14
900 13
400 15
700 19
1200 22
800 17
800 17
900 20
800 20
500 17
800 16
700 17
400 13
600 17
700 21
800 17
700 21
1200 20
700 18
1200 23
700 17
500 16
900 14
1000 21
700 18
600 19
700 14
600 17
700 22
700 17
500 12
900 23
800 23
700 20
800 15
300 8
1100 25
700 17
800 25
800 17
600 14
400 11
700 17
1100 21
1000 19
1200 18
500 16
1400 29
500 13
500 13
800 19
1300 26
800 21
800 22
400 13
400 13
700 17
600 17
800 19
1000 22
900 19
1000 20
700 20
700 16
1300 25
800 18
2000 14
1000 19
600 17
500 14
900 21
900 18
1200 23
400 13
900 18
800 18
700 14
800 16
1000 19
1200 29
700 21
1100 24
1000 22
800 19
700 14
600 15
700 18
800 21
200 11
500 11
700 19
500 13
800 16
900 22
500 11
1500 23
800 11
1200 20
1200 21
700 16
1000 21
1000 17
900 20
800 18
500 14
1000 24
700 12
600 15
800 21
1300 24
700 17
700 10
700 14
800 19
700 19
900 17
800 18
900 19
1000 23
1300 27
1000 24
1200 19
400 13
600 16
700 20
600 17
1100 21
1000 24
400 12
700 16
900 18
400 9
900 18
700 19
1200 23
500 18
600 16
600 13
700 20
600 14
300 11
1000 21
800 19
1300 24
1100 24
1200 20
1400 21
600 13
800 17
600 16
600 15
1100 21
800 15
1500 30
900 16
700 15
600 17
900 17
800 18
700 16
400 13
1300 26
700 14
1300 20
3400 25
500 13
1000 18
600 21
2500 21
400 13
1000 21
900 19
600 19
1100 12
700 18
800 21
800 16
800 15
400 13
700 17
1100 18
1100 26
400 10
700 18
600 17
1500 20
600 16
400 12
1100 17
500 11
1200 21
900 19
1100 24
1200 25
900 20
800 20
500 17
800 24
1100 15
700 20
900 25
1000 20
400 14
1000 18
800 18
700 20
800 19
700 18
800 17
900 22
800 19
900 22
700 15
1100 25
700 15
800 19
1100 22
600 14
1100 20
900 24
600 14
800 19
400 14
1200 26
700 14
1100 21
700 17
500 16
900 19
600 19
900 20
1000 20
400 11
600 19
600 18
700 17
500 18
900 20
1000 18
700 19
500 15
400 11
600 14
700 16
1000 22
1000 21
600 17
500 15
700 20
900 24
600 15
800 16
400 14
1400 25
900 20
800 19
1000 19
800 19
600 14
700 16
700 15
700 15
700 18
900 21
900 16
1200 30
600 17
1000 23
500 18
900 25
700 13
700 17
400 14
200 9
700 11
800 18
1100 25
800 19
1200 18
600 17
700 18
1000 13
400 13
900 20
900 22
800 22
1000 23
800 20
700 18
800 16
300 12
600 14
600 14
1300 25
1100 28
700 17
2400 16
700 19
500 14
600 13
900 23
800 23
600 15
1000 20
800 21
400 13
500 14
1000 21
1100 19
800 23
1200 15
700 20
600 19
800 16
700 26
900 23
500 15
500 16
800 21
500 15
800 15
200 8
700 18
900 21
1000 20
1300 23
400 10
900 15
500 19
600 19
800 15
500 14
1000 18
1000 11
500 17
900 19
1100 24
700 16
700 15
1100 27
900 25
700 15
500 14
700 17
900 15
1300 26
800 22
1300 21
700 17
700 18
1100 25
1000 22
1400 25
500 11
800 16
600 20
600 20
700 17
1900 22
700 16
1300 21
500 16
1200 25
900 21
800 20
1100 20
400 13
900 20
800 23
1000 18
600 12
700 20
1200 25
600 19
900 21
700 19
600 19
1200 23
400 10
1400 20
900 20
800 20
900 26
500 13
500 16
600 12
800 19
300 11
700 18
600 14
800 22
1000 14
1100 20
700 23
400 15
900 19
800 22
800 22
800 19
600 15
800 17
800 17
1000 19
500 15
600 17
600 19
1000 18
1300 22
700 17
500 18
800 21
800 16
400 15
500 15
700 15
800 15
800 22
500 20
1000 24
700 17
800 18
600 19
1100 23
500 13
2000 14
400 13
900 16
300 6
500 17
400 13
400 12
1300 22
800 17
400 10
300 10
600 18
1400 28
700 16
900 22
400 11
900 20
1100 25
900 18
1200 27
1200 21
600 17
500 17
900 20
400 15
400 13
500 13
800 16
1000 23
800 18
700 21
800 18
500 14
200 6
1100 23
600 14
800 20
1000 21
1200 20
900 21
900 21
500 16
1300 23
700 15
600 11
900 21
400 13
600 18
700 21
700 16
900 23
500 17
700 16
800 15
700 20
1300 25
600 18
800 16
1000 21
600 19
400 14
1000 20
700 20
1400 29
500 16
1000 22
1100 23
500 19
600 12
700 17
900 21
800 24
1100 24
400 13
700 21
1400 24
600 16
500 17
900 18
600 19
1000 21
400 15
1400 28
300 11
1100 20
800 22
800 23
1000 18
800 18
900 19
800 22
600 13
600 19
600 18
1200 21
800 20
600 25
500 16
400 14
900 18
300 10
1000 20
400 12
1100 21
700 18
600 18
600 14
800 20
600 20
800 20
700 16
600 14
700 20
900 22
700 16
800 18
900 20
1200 16
400 14
500 14
1300 26
800 16
700 17
1200 27
1000 19
800 19
900 19
700 17
2100 14
600 17
700 13
600 21
400 16
400 11
700 17
800 19
800 17
600 19
700 17
500 13
900 18
700 17
700 19
1300 24
1000 22
700 13
800 17
400 8
700 24
800 18
800 17
1100 22
500 18
500 13
700 17
700 19
700 17
1100 25
900 24
900 18
600 16
700 18
900 20
1000 19
300 10
1200 23
800 15
800 21
800 18
800 19
600 16
700 19
1100 24
700 19
500 16
400 9
600 16
900 20
900 25
700 18
800 19
700 19
600 10
700 19
500 18
500 17
900 24
1300 27
600 17
500 14
600 18
600 12
700 21
800 19
1300 16
300 9
900 19
600 15
700 17
1000 29
500 15
800 16
1300 25
700 16
700 18
500 11
600 14
800 25
600 17
500 16
900 21
600 19
800 21
500 17
600 12
400 11
500 18
500 17
700 19
1200 29
500 12
700 17
400 16
1000 18
500 17
900 20
500 19
700 18
500 10
900 17
1000 17
900 19
800 21
800 22
600 14
700 13
800 18
800 19
600 17
1000 17
500 19
500 16
800 17
700 17
400 16
900 16
800 21
500 15
1000 28
800 20
500 17
1200 22
400 15
400 12
900 18
400 12
2800 22
500 13
300 9
1200 26
800 22
1000 17
1100 22
500 13
600 17
400 12
900 27
1000 22
600 9
500 14
1000 18
1000 25
400 13
800 16
600 18
700 16
800 18
200 9
1000 20
600 17
500 16
1200 29
800 18
600 17
1000 22
900 19
800 17
800 19
1200 22
1100 17
800 21
700 18
300 12
1200 22
600 14
600 22
500 13
1000 23
500 11
600 13
1000 22
700 19
400 13
600 11
800 17
1000 19
800 14
700 16
800 17
1400 25
1400 25
600 14
400 13
900 23
1000 23
500 14
1100 19
700 19
700 21
600 20
1100 22
1200 21
500 19
800 23
700 21
400 10
800 19
500 21
900 17
500 15
500 14
500 13
1400 27
700 14
600 15
600 16
500 16
600 18
1100 27
700 19
1400 24
500 12
700 18
1400 26
500 13
800 18
700 14
900 19
200 9
800 18
700 18
1100 21
600 19
400 11
600 18
400 12
900 17
800 21
600 19
800 21
500 17
800 17
500 16
1200 21
1000 22
700 20
800 14
500 15
600 15
500 15
800 15
700 21
700 18
900 25
1200 26
900 16
1100 19
600 19
400 13
500 13
600 17
500 19
800 10
700 20
2600 23
1000 22
1500 22
1200 25
900 22
900 18
1000 20
900 19
900 19
700 20
800 17
1200 27
900 19
600 16
900 22
400 14
1200 24
1000 19
1400 25
900 26
900 19
1000 25
700 16
500 11
600 14
800 20
1200 15
800 21
400 14
1500 26
1400 22
1300 21
1200 24
1300 26
500 13
300 9
500 17
900 19
900 19
1300 23
900 20
700 15
800 15
800 18
1200 26
700 16
900 21
800 21
800 17
900 20
1500 27
1100 19
1200 27
900 19
1000 22
700 15
3400 23
1000 24
600 16
600 13
600 21
900 17
1000 23
1000 16
1200 19
800 18
700 12
1000 23
500 18
900 21
1700 19
1100 20
700 18
1300 25
800 18
800 16
1200 22
1600 18
1300 16
1200 24
900 18
900 25
500 13
500 15
1200 21
1100 20
1000 19
1200 15
700 19
1000 20
600 13
800 17
500 14
700 18
600 15
1300 26
1600 30
1100 15
800 17
800 20
400 8
800 20
800 14
900 16
1700 30
800 20
1100 22
500 16
1000 19
600 16
500 16
300 11
500 13
600 17
1200 19
800 19
600 16
1100 20
600 12
700 17
500 16
600 12
1000 16
1000 23
600 14
800 18
500 16
500 17
3000 23
700 17
1500 28
400 12
1100 24
600 15
800 18
1000 18
900 22
700 16
500 13
500 13
700 19
500 13
400 11
600 13
1100 24
700 16
700 18
800 17
800 18
600 15
1200 23
500 21
700 13
600 18
800 14
1100 26
600 15
900 22
700 13
700 16
400 12
1000 22
600 15
400 13
1300 25
600 15
700 21
1000 21
700 20
800 11
1400 26
1000 22
400 15
800 21
700 17
1000 20
800 20
1600 25
700 18
300 10
1000 18
800 16
1100 24
600 16
1000 24
300 9
800 17
500 14
1000 20
900 15
500 14
1100 22
600 22
800 14
700 19
500 15
600 11
500 11
800 20
500 13
700 15
600 15
1200 24
1000 20
700 16
800 17
900 19
900 21
600 19
600 15
800 20
1400 22
900 21
600 14
800 20
1000 21
800 17
800 21
900 18
700 15
600 14
900 24
1100 22
700 16
1000 18
900 21
600 16
500 17
800 20
700 18
600 14
1100 18
600 16
1100 23
900 24
900 21
600 18
900 16
1000 21
800 19
1200 21
900 16
1100 26
500 17
700 12
1300 21
1400 28
900 20
500 15
700 16
800 21
200 10
800 21
1100 19
500 15
600 14
2700 16
1300 22
700 21
600 17
400 10
1100 20
1100 23
1400 29
400 12
700 17
500 13
900 17
700 15
500 12
900 18
1200 30
1600 26
900 19
900 20
500 16
900 20
900 19
600 14
1100 17
900 23
500 15
3900 30
1800 20
1200 16
800 14
1500 19
1300 19
800 12
800 16
1600 21
1100 18
1800 26
2100 24
1100 19
1500 25
1000 18
600 13
1800 23
1100 17
1200 19
1300 23
800 15
1100 18
600 14
700 11
1000 18
5600 20
900 16
500 10
700 13
1200 23
400 10
1000 21
700 13
1200 22
400 12
1200 22
1400 26
800 14
1300 14
1600 24
900 20
800 16
1300 23
1200 21
1500 26
65200 16
900 18
700 12
1000 17
1500 19
900 17
1800 20
1200 18
1200 17
1200 17
800 16
1100 17
1300 23
1200 22
900 18
1600 16
800 14
1100 17
1500 20
700 17
1900 32
700 13
1300 25
1500 25
1200 19
1500 19
1700 28
1000 12
1400 26
900 16
700 13
1900 26
1300 20
500 14
800 19
900 17
2200 23
900 17
1000 17
900 18
1800 23
800 21
700 13
800 18
800 13
1400 22
1400 22
1000 20
600 14
1300 21
800 19
700 16
1100 19
1100 16
600 13
1100 22
1200 24
1400 21
700 13
900 18
1200 24
1400 25
1100 16
600 13
1100 17
800 18
600 10
1400 21
700 15
1000 22
700 15
1000 27
1000 21
700 12
400 11
1100 23
900 15
900 18
1100 19
1000 18
600 12
1200 27
600 14
900 15
1000 17
1300 25
1100 16
700 20
900 17
1200 20
1300 27
700 12
1100 28
1000 18
1100 17
600 15
700 14
800 17
600 15
600 13
300 7
400 12
900 16
2200 25
800 11
1700 20
1200 23
400 12
3100 23
300 8
700 15
900 18
1400 24
1000 21
1100 20
700 12
1300 23
1100 23
700 15
1000 19
800 12
700 17
600 16
2100 29
1300 23
600 11
1100 23
700 14
1000 16
900 17
1200 25
1000 20
1000 19
1200 24
1400 20
800 17
600 14
800 16
1300 22
900 19
1200 22
1200 19
600 15
400 11
700 14
1000 18
1000 21
900 17
1000 18
500 12
1000 19
1500 31
1700 26
1200 27
700 15
1100 22
1100 20
900 19
1500 26
1600 24
700 13
900 17
600 14
1100 18
1200 24
1100 25
400 14
1100 21
1200 23
700 14
1400 21
1000 20
800 16
500 15
600 13
800 17
1100 18
800 17
1000 19
900 18
600 12
1300 21
600 13
400 10
600 18
700 15
1000 17
700 17
1000 17
1100 20
1300 25
1300 25
1100 20
700 17
900 16
700 16
900 15
900 11
400 9
700 20
2200 38
500 10
1000 23
1000 17
600 10
800 17
900 19
1100 16
800 19
700 19
800 17
1100 23
1200 18
800 17
500 13
1100 19
800 17
1200 21
600 19
1100 19
800 19
700 15
700 17
800 14
700 16
1500 23
1600 28
600 13
1300 22
400 11
1400 23
1000 21
900 21
900 19
500 13
500 13
2800 22
1100 23
700 18
400 12
1500 18
1400 26
1400 27
700 14
500 12
300 12
1000 22
600 14
1200 22
600 15
800 14
900 19
800 18
900 19
800 18
1200 23
800 16
1100 27
900 17
700 17
900 13
400 12
1000 24
1100 25
800 20
700 15
1100 20
1100 19
700 16
800 18
600 16
600 18
800 14
900 21
1000 21
1100 15
800 20
1600 22
600 17
1000 16
600 14
900 22
400 12
1000 20
800 20
400 12
900 19
1000 21
1000 17
1000 22
600 14
500 14
700 15
800 20
1100 17
600 14
600 14
600 16
700 19
900 19
600 13
600 17
