26600 19
4200 18
3700 18
3200 18
3700 22
2200 13
2900 15
2600 14
2800 16
2500 19
2100 13
2000 13
2900 20
3200 21
4200 26
2700 17
2500 17
2700 17
3200 21
2600 20
2700 19
3000 17
2400 18
1800 11
2300 16
2100 16
3200 23
1300 10
2500 17
2800 17
2300 15
1700 12
3000 21
2600 19
1400 11
2400 18
3400 23
2000 15
2000 15
2000 17
2400 18
1700 13
2900 19
2400 17
1800 14
1600 11
3100 24
2900 23
1200 9
1600 13
1300 10
2500 18
1900 16
1900 15
700 5
1200 9
3500 23
1500 12
1600 11
2000 13
2300 18
2300 17
2000 15
2700 21
1800 12
2100 15
900 7
7300 13
2300 18
1500 11
3000 21
2800 21
1700 15
1600 12
2400 18
2400 18
3000 19
1800 13
3500 23
2200 17
2100 16
2500 20
2800 21
1900 13
2100 17
2700 20
2700 18
1500 11
2700 21
1800 11
1500 10
2700 22
2800 21
2600 20
1200 10
2000 16
1300 11
1600 13
2700 20
2300 17
